datetime,open,high,low,close,adj_close,volume,max_5,max_120_6_days_ago,num,moving_avg_126,cond1,sma_vol,cond2,cond3,Final_condi,Buy_price_signal
2024-08-05 09:15:00,661.5,678.4500122070312,661.0499877929688,667.5999755859375,667.5999755859375,2544,,,0,,0,,0,0,0,0.0
2024-08-05 09:30:00,666.5999755859375,675.5999755859375,661.7000122070312,671.9000244140625,671.9000244140625,698,,,1,,0,,0,1,0,0.0
2024-08-05 09:45:00,671.2999877929688,679.2000122070312,669.0999755859375,678.5,678.5,425,,,2,,0,,0,1,0,0.0
2024-08-05 10:00:00,678.5499877929688,679.0999755859375,673.0,675.4000244140625,675.4000244140625,442,,,3,,0,,0,0,0,0.0
2024-08-05 10:15:00,677.5,677.5,672.7000122070312,672.7000122070312,672.7000122070312,137,678.5,,4,,0,849.2,0,0,0,0.0
2024-08-05 10:30:00,672.2999877929688,672.5499877929688,664.2999877929688,665.5499877929688,665.5499877929688,4953,678.5,,5,,0,1331.0,1,0,0,0.0
2024-08-05 10:45:00,663.8499755859375,663.8499755859375,660.0,661.25,661.25,289,678.5,,6,,0,1249.2,0,0,0,0.0
2024-08-05 11:00:00,660.0,666.5499877929688,657.2999877929688,661.9000244140625,661.9000244140625,4812,675.4000244140625,,7,,0,2126.6,1,1,0,0.0
2024-08-05 11:15:00,661.6500244140625,661.6500244140625,656.1500244140625,660.2999877929688,660.2999877929688,497,672.7000122070312,,8,,0,2137.6,0,0,0,0.0
2024-08-05 11:30:00,659.8499755859375,663.25,657.75,660.9500122070312,660.9500122070312,239,665.5499877929688,,9,,0,2158.0,0,1,0,0.0
2024-08-05 11:45:00,662.6500244140625,662.6500244140625,658.25,658.2999877929688,658.2999877929688,916,661.9000244140625,,10,,0,1350.6,0,0,0,0.0
2024-08-05 12:00:00,658.5,660.75,656.9000244140625,660.75,660.75,97,661.9000244140625,,11,,0,1312.2,0,1,0,0.0
2024-08-05 12:15:00,660.5999755859375,660.5999755859375,658.9000244140625,658.9000244140625,658.9000244140625,65,660.9500122070312,,12,,0,362.8,0,0,0,0.0
2024-08-05 12:30:00,658.8499755859375,658.8499755859375,655.0,656.9000244140625,656.9000244140625,2128,660.9500122070312,,13,,0,689.0,1,0,0,0.0
2024-08-05 12:45:00,657.25,657.25,655.7000122070312,656.4000244140625,656.4000244140625,21,660.75,,14,,0,645.4,0,0,0,0.0
2024-08-05 13:00:00,655.0999755859375,658.9000244140625,654.75,658.9000244140625,658.9000244140625,272,660.75,,15,,0,516.6,0,1,0,0.0
2024-08-05 13:15:00,660.7999877929688,660.7999877929688,659.0499877929688,659.0999755859375,659.0999755859375,180,659.0999755859375,,16,,0,533.2,0,1,0,0.0
2024-08-05 13:30:00,660.25,661.5999755859375,659.2999877929688,660.2000122070312,660.2000122070312,554,660.2000122070312,,17,,0,631.0,0,1,0,0.0
2024-08-05 13:45:00,660.0999755859375,670.9500122070312,659.5,669.5499877929688,669.5499877929688,1419,669.5499877929688,,18,,0,489.2,1,1,0,0.0
2024-08-05 14:00:00,670.5,670.8499755859375,665.7999877929688,665.7999877929688,665.7999877929688,440,669.5499877929688,,19,,0,573.0,0,0,0,0.0
2024-08-05 14:15:00,665.5,665.8499755859375,663.25,663.6500244140625,663.6500244140625,60,669.5499877929688,,20,,0,530.6,0,0,0,0.0
2024-08-05 14:30:00,664.1500244140625,666.9000244140625,663.2000122070312,666.9000244140625,666.9000244140625,460,669.5499877929688,,21,,0,586.6,0,1,0,0.0
2024-08-05 14:45:00,666.0499877929688,667.9000244140625,665.7999877929688,667.4500122070312,667.4500122070312,119,669.5499877929688,,22,,0,499.6,0,1,0,0.0
2024-08-05 15:00:00,665.7000122070312,665.7000122070312,661.5499877929688,662.1500244140625,662.1500244140625,160,667.4500122070312,,23,,0,247.8,0,0,0,0.0
2024-08-05 15:15:00,660.8499755859375,664.25,659.5,660.4500122070312,660.4500122070312,464,667.4500122070312,,24,,0,252.6,1,0,0,0.0
2024-08-06 09:15:00,677.1500244140625,680.3499755859375,670.5,671.7000122070312,671.7000122070312,1307,671.7000122070312,,25,,0,502.0,1,1,0,0.0
2024-08-06 09:30:00,671.7000122070312,671.7000122070312,666.0,666.6500244140625,666.6500244140625,358,671.7000122070312,,26,,0,481.6,0,0,0,0.0
2024-08-06 09:45:00,667.2999877929688,673.5499877929688,667.2999877929688,672.0,672.0,231,672.0,,27,,0,504.0,0,1,0,0.0
2024-08-06 10:00:00,673.0,675.7999877929688,673.0,674.2999877929688,674.2999877929688,382,674.2999877929688,,28,,0,548.4,0,1,0,0.0
2024-08-06 10:15:00,674.5499877929688,675.0,667.0,667.0,667.0,274,674.2999877929688,,29,,0,510.4,0,0,0,0.0
2024-08-06 10:30:00,666.4000244140625,669.75,666.4000244140625,667.75,667.75,2917,674.2999877929688,,30,,0,832.4,1,1,0,0.0
2024-08-06 10:45:00,666.7999877929688,670.5499877929688,666.1500244140625,669.25,669.25,417,674.2999877929688,,31,,0,844.2,0,1,0,0.0
2024-08-06 11:00:00,669.5499877929688,669.5499877929688,668.9000244140625,668.9000244140625,668.9000244140625,40,674.2999877929688,,32,,0,806.0,0,0,0,0.0
2024-08-06 11:15:00,669.7999877929688,670.4500122070312,669.7999877929688,670.4500122070312,670.4500122070312,53,670.4500122070312,,33,,0,740.2,0,1,0,0.0
2024-08-06 11:30:00,671.2000122070312,671.5499877929688,671.2000122070312,671.5499877929688,671.5499877929688,4,671.5499877929688,,34,,0,686.2,0,1,0,0.0
2024-08-06 11:45:00,671.1500244140625,671.75,669.7000122070312,669.9000244140625,669.9000244140625,249,671.5499877929688,,35,,0,152.6,1,0,0,0.0
2024-08-06 12:00:00,670.7000122070312,670.7000122070312,670.2999877929688,670.2999877929688,670.2999877929688,491,671.5499877929688,,36,,0,167.4,1,1,0,0.0
2024-08-06 12:15:00,670.5,671.0999755859375,668.5999755859375,670.5999755859375,670.5999755859375,312,671.5499877929688,,37,,0,221.8,1,1,0,0.0
2024-08-06 12:45:00,669.2000122070312,669.4000244140625,669.2000122070312,669.4000244140625,669.4000244140625,334,671.5499877929688,,38,,0,278.0,1,0,0,0.0
2024-08-06 13:00:00,669.5999755859375,670.4000244140625,669.5999755859375,670.4000244140625,670.4000244140625,79,670.5999755859375,,39,,0,293.0,0,1,0,0.0
2024-08-06 13:15:00,669.8499755859375,669.8499755859375,668.8499755859375,668.8499755859375,668.8499755859375,3,670.5999755859375,,40,,0,243.8,0,0,0,0.0
2024-08-06 13:30:00,668.0,668.0,666.0,666.0,666.0,5015,670.5999755859375,,41,,0,1148.6,1,0,0,0.0
2024-08-06 13:45:00,663.3499755859375,667.0999755859375,663.3499755859375,667.0999755859375,667.0999755859375,321,670.4000244140625,,42,,0,1150.4,0,1,0,0.0
2024-08-06 14:00:00,666.0999755859375,666.0999755859375,662.9000244140625,662.9000244140625,662.9000244140625,137,670.4000244140625,,43,,0,1111.0,0,0,0,0.0
2024-08-06 14:15:00,662.2000122070312,662.2000122070312,660.0,660.8499755859375,660.8499755859375,110,668.8499755859375,,44,,0,1117.2,0,0,0,0.0
2024-08-06 14:30:00,660.4500122070312,661.0,659.0,659.9500122070312,659.9500122070312,1559,667.0999755859375,,45,,0,1428.4,1,0,0,0.0
2024-08-06 14:45:00,657.5,659.6500244140625,656.3499755859375,659.6500244140625,659.6500244140625,239,667.0999755859375,,46,,0,473.2,0,0,0,0.0
2024-08-06 15:00:00,659.9000244140625,660.0999755859375,656.5999755859375,656.5999755859375,656.5999755859375,435,662.9000244140625,,47,,0,496.0,0,0,0,0.0
2024-08-06 15:15:00,655.4000244140625,656.1500244140625,652.2000122070312,656.1500244140625,656.1500244140625,258,660.8499755859375,,48,,0,520.2,0,0,0,0.0
2024-08-07 09:15:00,663.5499877929688,666.5999755859375,657.8499755859375,660.0499877929688,660.0499877929688,641,660.0499877929688,,49,,0,626.4,1,1,0,0.0
2024-08-07 09:30:00,660.0999755859375,661.5999755859375,657.25,657.25,657.25,1209,660.0499877929688,,50,,0,556.4,1,0,0,0.0
2024-08-07 09:45:00,659.2999877929688,660.4500122070312,657.8499755859375,657.8499755859375,657.8499755859375,218,660.0499877929688,,51,,0,552.2,0,1,0,0.0
2024-08-07 10:00:00,656.8499755859375,658.8499755859375,655.4000244140625,656.4500122070312,656.4500122070312,924,660.0499877929688,,52,,0,650.0,1,0,0,0.0
2024-08-07 10:15:00,658.3499755859375,664.25,658.3499755859375,664.25,664.25,291,664.25,,53,,0,656.6,0,1,0,0.0
2024-08-07 10:30:00,664.3499755859375,665.7000122070312,663.7999877929688,664.4500122070312,664.4500122070312,140,664.4500122070312,,54,,0,556.4,0,1,0,0.0
2024-08-07 10:45:00,664.5499877929688,667.5999755859375,664.5499877929688,667.5999755859375,667.5999755859375,511,667.5999755859375,,55,,0,416.8,1,1,0,0.0
2024-08-07 11:00:00,666.5999755859375,666.5999755859375,664.0999755859375,665.0499877929688,665.0499877929688,510,667.5999755859375,,56,,0,475.2,1,0,0,0.0
2024-08-07 11:15:00,665.0499877929688,669.2999877929688,665.0499877929688,668.6500244140625,668.6500244140625,2377,668.6500244140625,,57,,0,765.8,1,1,0,0.0
2024-08-07 11:30:00,669.3499755859375,671.9500122070312,669.3499755859375,670.5999755859375,670.5999755859375,290,670.5999755859375,,58,,0,765.6,0,1,0,0.0
2024-08-07 11:45:00,670.0499877929688,670.8499755859375,668.5499877929688,670.0,670.0,216,670.5999755859375,,59,,0,780.8,0,0,0,0.0
2024-08-07 12:00:00,670.0999755859375,671.3499755859375,669.2000122070312,670.0999755859375,670.0999755859375,818,670.5999755859375,,60,,0,842.2,0,1,0,0.0
2024-08-07 12:15:00,670.5999755859375,670.9000244140625,670.0,670.0,670.0,15,670.5999755859375,,61,,0,743.2,0,0,0,0.0
2024-08-07 12:30:00,671.0,671.0,670.0999755859375,670.5499877929688,670.5499877929688,52,670.5999755859375,,62,,0,278.2,0,1,0,0.0
2024-08-07 12:45:00,670.3499755859375,671.9500122070312,669.7000122070312,669.7000122070312,669.7000122070312,112,670.5499877929688,,63,,0,242.6,0,0,0,0.0
2024-08-07 13:00:00,671.1500244140625,671.5499877929688,670.6500244140625,671.0,671.0,349,671.0,,64,,0,269.2,1,1,0,0.0
2024-08-07 13:15:00,671.0,673.7000122070312,671.0,672.5499877929688,672.5499877929688,255,672.5499877929688,,65,,0,156.6,1,1,0,0.0
2024-08-07 13:30:00,671.0499877929688,672.0499877929688,671.0,672.0499877929688,672.0499877929688,402,672.5499877929688,,66,,0,234.0,1,0,0,0.0
2024-08-07 13:45:00,672.4000244140625,674.9500122070312,671.0499877929688,674.9500122070312,674.9500122070312,579,674.9500122070312,,67,,0,339.4,1,1,0,0.0
2024-08-07 14:00:00,673.8499755859375,674.9000244140625,673.2999877929688,673.9500122070312,673.9500122070312,264,674.9500122070312,,68,,0,369.8,0,0,0,0.0
2024-08-07 14:15:00,673.9500122070312,676.4500122070312,673.6500244140625,676.4500122070312,676.4500122070312,1154,676.4500122070312,,69,,0,530.8,1,1,0,0.0
2024-08-07 14:30:00,674.7000122070312,674.7999877929688,673.6500244140625,673.6500244140625,673.6500244140625,156,676.4500122070312,,70,,0,511.0,0,0,0,0.0
2024-08-07 14:45:00,673.5999755859375,676.0999755859375,673.5999755859375,676.0999755859375,676.0999755859375,767,676.4500122070312,,71,,0,584.0,1,1,0,0.0
2024-08-07 15:00:00,674.7999877929688,677.0,674.2000122070312,674.2000122070312,674.2000122070312,236,676.4500122070312,,72,,0,515.4,0,0,0,0.0
2024-08-07 15:15:00,673.5,676.7999877929688,670.0999755859375,673.9000244140625,673.9000244140625,1819,676.4500122070312,,73,,0,826.4,1,0,0,0.0
2024-08-08 09:15:00,673.9000244140625,673.9000244140625,668.8499755859375,671.4000244140625,671.4000244140625,375,676.0999755859375,,74,,0,670.6,0,0,0,0.0
2024-08-08 09:30:00,671.9000244140625,673.0999755859375,670.9500122070312,670.9500122070312,670.9500122070312,323,676.0999755859375,,75,,0,704.0,0,0,0,0.0
2024-08-08 09:45:00,670.9500122070312,670.9500122070312,669.7000122070312,670.7000122070312,670.7000122070312,240,674.2000122070312,,76,,0,598.6,0,0,0,0.0
2024-08-08 10:00:00,670.7000122070312,672.5499877929688,669.7000122070312,672.5499877929688,672.5499877929688,104,673.9000244140625,,77,,0,572.2,0,1,0,0.0
2024-08-08 10:15:00,673.0,675.0999755859375,671.7999877929688,675.0999755859375,675.0999755859375,70,675.0999755859375,,78,,0,222.4,0,1,0,0.0
2024-08-08 10:30:00,675.2000122070312,675.9500122070312,674.3499755859375,675.1500244140625,675.1500244140625,129,675.1500244140625,,79,,0,173.2,0,1,0,0.0
2024-08-08 10:45:00,676.0499877929688,676.8499755859375,675.1500244140625,676.7999877929688,676.7999877929688,59,676.7999877929688,,80,,0,120.4,0,1,0,0.0
2024-08-08 11:00:00,675.75,677.7999877929688,675.1500244140625,677.7999877929688,677.7999877929688,612,677.7999877929688,,81,,0,194.8,1,1,0,0.0
2024-08-08 11:15:00,678.6500244140625,679.4000244140625,676.5999755859375,676.5999755859375,676.5999755859375,191,677.7999877929688,,82,,0,212.2,0,0,0,0.0
2024-08-08 11:30:00,677.5499877929688,678.1500244140625,675.4500122070312,678.1500244140625,678.1500244140625,96,678.1500244140625,,83,,0,217.4,0,1,0,0.0
2024-08-08 11:45:00,679.0,681.1500244140625,679.0,680.2000122070312,680.2000122070312,45,680.2000122070312,,84,,0,200.6,0,1,0,0.0
2024-08-08 12:00:00,680.25,682.0999755859375,680.25,680.7999877929688,680.7999877929688,152,680.7999877929688,,85,,0,219.2,0,1,0,0.0
2024-08-08 12:15:00,679.7999877929688,680.2999877929688,679.2999877929688,680.2999877929688,680.2999877929688,73,680.7999877929688,,86,,0,111.4,0,0,0,0.0
2024-08-08 12:30:00,680.2000122070312,680.4000244140625,677.7000122070312,677.7999877929688,677.7999877929688,101,680.7999877929688,,87,,0,93.4,1,0,0,0.0
2024-08-08 12:45:00,677.7999877929688,683.0499877929688,677.2999877929688,678.6500244140625,678.6500244140625,419,680.7999877929688,,88,,0,158.0,1,1,0,0.0
2024-08-08 13:00:00,678.0499877929688,678.0499877929688,677.2000122070312,678.0499877929688,678.0499877929688,30,680.7999877929688,,89,,0,155.0,0,0,0,0.0
2024-08-08 13:15:00,677.1500244140625,677.5499877929688,677.0499877929688,677.4500122070312,677.4500122070312,34,680.2999877929688,,90,,0,131.4,0,0,0,0.0
2024-08-08 13:30:00,678.5,685.5,678.5,684.75,684.75,819,684.75,,91,,0,280.6,1,1,0,0.0
2024-08-08 13:45:00,686.0,689.6500244140625,684.1500244140625,684.1500244140625,684.1500244140625,546,684.75,,92,,0,369.6,1,0,0,0.0
2024-08-08 14:00:00,685.25,685.25,681.5999755859375,681.5999755859375,681.5999755859375,136,684.75,,93,,0,313.0,0,0,0,0.0
2024-08-08 14:15:00,681.4500122070312,681.4500122070312,680.0499877929688,680.0499877929688,680.0499877929688,102,684.75,,94,,0,327.4,0,0,0,0.0
2024-08-08 14:30:00,680.3499755859375,681.9500122070312,679.9500122070312,680.4500122070312,680.4500122070312,236,684.75,,95,,0,367.8,0,1,0,0.0
2024-08-08 14:45:00,679.0,679.4000244140625,678.4500122070312,679.4000244140625,679.4000244140625,96,684.1500244140625,,96,,0,223.2,0,0,0,0.0
2024-08-08 15:00:00,679.8499755859375,679.8499755859375,676.5499877929688,677.5,677.5,5901,681.5999755859375,,97,,0,1294.2,1,0,0,0.0
2024-08-08 15:15:00,676.0499877929688,677.0,673.25,673.25,673.25,331,680.4500122070312,,98,,0,1333.2,0,0,0,0.0
2024-08-09 09:15:00,686.75,686.75,679.0,682.0,682.0,942,682.0,,99,,0,1501.2,0,1,0,0.0
2024-08-09 09:30:00,682.9500122070312,683.0999755859375,681.9500122070312,683.0999755859375,683.0999755859375,13,683.0999755859375,,100,,0,1456.6,0,1,0,0.0
2024-08-09 09:45:00,682.0499877929688,682.0499877929688,681.5,681.5,681.5,104,683.0999755859375,,101,,0,1458.2,0,0,0,0.0
2024-08-09 10:00:00,680.75,686.4500122070312,680.75,686.4500122070312,686.4500122070312,561,686.4500122070312,,102,,0,390.2,1,1,0,0.0
2024-08-09 10:15:00,685.9000244140625,685.9000244140625,684.4000244140625,685.5999755859375,685.5999755859375,343,686.4500122070312,,103,,0,392.6,0,0,0,0.0
2024-08-09 10:30:00,685.5,685.5,685.5,685.5,685.5,5,686.4500122070312,,104,,0,205.2,0,0,0,0.0
2024-08-09 10:45:00,684.8499755859375,685.8499755859375,684.8499755859375,685.8499755859375,685.8499755859375,78,686.4500122070312,,105,,0,218.2,0,1,0,0.0
2024-08-09 11:00:00,685.2000122070312,685.4500122070312,685.2000122070312,685.4500122070312,685.4500122070312,3,686.4500122070312,,106,,0,198.0,0,0,0,0.0
2024-08-09 11:15:00,684.8499755859375,684.8499755859375,684.25,684.25,684.25,55,685.8499755859375,,107,,0,96.8,0,0,0,0.0
2024-08-09 11:30:00,685.4500122070312,688.2999877929688,685.4500122070312,688.2999877929688,688.2999877929688,37,688.2999877929688,,108,,0,35.6,1,1,0,0.0
2024-08-09 11:45:00,689.25,695.0,689.25,694.25,694.25,446,694.25,,109,,0,123.8,1,1,0,0.0
2024-08-09 12:00:00,696.4000244140625,706.75,696.4000244140625,704.5499877929688,704.5499877929688,4106,704.5499877929688,,110,,0,929.4,1,1,0,0.0
2024-08-09 12:15:00,705.5499877929688,705.7000122070312,700.5499877929688,701.0999755859375,701.0999755859375,244,704.5499877929688,,111,,0,977.6,0,0,0,0.0
2024-08-09 12:30:00,701.5999755859375,701.5999755859375,699.2999877929688,700.0999755859375,700.0999755859375,83,704.5499877929688,,112,,0,983.2,0,0,0,0.0
2024-08-09 12:45:00,700.2999877929688,702.3499755859375,700.0999755859375,702.3499755859375,702.3499755859375,120,704.5499877929688,,113,,0,999.8,0,1,0,0.0
2024-08-09 13:00:00,700.8499755859375,700.8499755859375,698.0999755859375,698.0999755859375,698.0999755859375,398,704.5499877929688,,114,,0,990.2,0,0,0,0.0
2024-08-09 13:15:00,699.0,712.0,698.3499755859375,711.5999755859375,711.5999755859375,1318,711.5999755859375,,115,,0,432.6,1,1,0,0.0
2024-08-09 13:30:00,710.7999877929688,711.4000244140625,704.3499755859375,710.7999877929688,710.7999877929688,9249,711.5999755859375,,116,,0,2233.6,1,0,0,0.0
2024-08-09 13:45:00,712.0,714.9000244140625,708.0499877929688,709.1500244140625,709.1500244140625,928,711.5999755859375,,117,,0,2402.6,0,0,0,0.0
2024-08-09 14:00:00,709.0999755859375,709.5999755859375,706.75,708.2999877929688,708.2999877929688,2075,711.5999755859375,,118,,0,2793.6,0,0,0,0.0
2024-08-09 14:15:00,708.6500244140625,709.0,706.75,707.2000122070312,707.2000122070312,514,711.5999755859375,,119,,0,2816.8,0,0,0,0.0
2024-08-09 14:30:00,705.8499755859375,708.75,703.9000244140625,704.5,704.5,962,710.7999877929688,,120,,0,2745.6,0,0,0,0.0
2024-08-09 14:45:00,705.25,707.4000244140625,705.1500244140625,706.5499877929688,706.5499877929688,391,709.1500244140625,,121,,0,974.0,0,1,0,0.0
2024-08-09 15:00:00,707.0499877929688,707.0499877929688,704.75,706.4500122070312,706.4500122070312,329,708.2999877929688,,122,,0,854.2,0,0,0,0.0
2024-08-09 15:15:00,706.9500122070312,709.1500244140625,705.4500122070312,707.0,707.0,1004,707.2000122070312,,123,,0,640.0,1,1,0,0.0
2024-08-12 09:15:00,716.0,724.3499755859375,708.1500244140625,719.4500122070312,719.4500122070312,6628,719.4500122070312,,124,,0,1862.8,1,1,0,0.0
2024-08-12 09:30:00,719.4500122070312,721.7999877929688,712.3499755859375,717.5499877929688,717.5499877929688,2316,719.4500122070312,711.5999755859375,125,719.4500122070312,1,2133.6,1,0,0,0.0
2024-08-12 09:45:00,718.1500244140625,718.2999877929688,711.3499755859375,712.7999877929688,712.7999877929688,2119,719.4500122070312,711.5999755859375,126,719.4500122070312,1,2479.2,0,0,0,0.0
2024-08-12 10:00:00,713.2000122070312,713.2999877929688,706.7999877929688,709.25,709.25,1827,719.4500122070312,711.5999755859375,127,719.4500122070312,1,2778.8,0,0,0,0.0
2024-08-12 10:15:00,709.2999877929688,716.8499755859375,709.2999877929688,713.8499755859375,713.8499755859375,5267,719.4500122070312,711.5999755859375,128,719.4500122070312,1,3631.4,1,1,1,713.8499755859375
2024-08-12 10:30:00,714.0,714.9500122070312,710.75,712.75,712.75,1314,717.5499877929688,711.5999755859375,129,719.4500122070312,1,2568.6,0,0,0,0.0
2024-08-12 10:45:00,713.0999755859375,714.3499755859375,709.5499877929688,709.5499877929688,709.5499877929688,640,713.8499755859375,719.4500122070312,130,719.4500122070312,0,2233.4,0,0,0,0.0
2024-08-12 11:00:00,709.5499877929688,712.2000122070312,708.7000122070312,709.9500122070312,709.9500122070312,798,713.8499755859375,719.4500122070312,131,719.4500122070312,0,1969.2,0,1,0,0.0
2024-08-12 11:15:00,710.0,712.0499877929688,709.0999755859375,710.7999877929688,710.7999877929688,758,713.8499755859375,719.4500122070312,132,719.4500122070312,0,1755.4,0,1,0,0.0
2024-08-12 11:30:00,711.6500244140625,712.0,709.2999877929688,711.5,711.5,549,712.75,719.4500122070312,133,719.4500122070312,0,811.8,0,1,0,0.0
2024-08-12 11:45:00,713.7000122070312,713.7999877929688,711.2000122070312,713.2999877929688,713.2999877929688,944,713.2999877929688,719.4500122070312,134,719.4500122070312,0,737.8,1,1,0,0.0
2024-08-12 12:00:00,712.5,714.4000244140625,712.2999877929688,712.9000244140625,712.9000244140625,160,713.2999877929688,719.4500122070312,135,719.4500122070312,0,641.8,0,0,0,0.0
2024-08-12 12:15:00,713.9500122070312,717.5499877929688,713.9500122070312,715.4500122070312,715.4500122070312,851,715.4500122070312,719.4500122070312,136,719.4500122070312,0,652.4,1,1,0,0.0
2024-08-12 12:30:00,715.0499877929688,717.1500244140625,713.5,714.25,714.25,1087,715.4500122070312,719.4500122070312,137,719.4500122070312,0,718.2,1,0,0,0.0
2024-08-12 12:45:00,714.9500122070312,715.1500244140625,713.25,713.25,713.25,205,715.4500122070312,719.4500122070312,138,719.4500122070312,0,649.4,0,0,0,0.0
2024-08-12 13:00:00,714.5,715.1500244140625,713.4500122070312,714.0499877929688,714.0499877929688,303,715.4500122070312,719.4500122070312,139,719.4500122070312,0,521.2,0,1,0,0.0
2024-08-12 13:15:00,713.25,714.75,712.5,714.7000122070312,714.7000122070312,1540,715.4500122070312,719.4500122070312,140,719.4500122070312,0,797.2,1,1,0,0.0
2024-08-12 13:30:00,714.0999755859375,715.0,713.5499877929688,714.5,714.5,983,714.7000122070312,719.4500122070312,141,719.4500122070312,0,823.6,1,0,0,0.0
2024-08-12 13:45:00,713.4500122070312,714.3499755859375,712.2999877929688,713.25,713.25,2336,714.7000122070312,719.4500122070312,142,719.4500122070312,0,1073.4,1,0,0,0.0
2024-08-12 14:00:00,713.7999877929688,714.9500122070312,713.75,714.5499877929688,714.5499877929688,235,714.7000122070312,719.4500122070312,143,719.4500122070312,0,1079.4,0,1,0,0.0
2024-08-12 14:15:00,713.9500122070312,714.5499877929688,713.4500122070312,713.7999877929688,713.7999877929688,109,714.7000122070312,719.4500122070312,144,719.4500122070312,0,1040.6,0,0,0,0.0
2024-08-12 14:30:00,713.2000122070312,713.4500122070312,712.1500244140625,712.5999755859375,712.5999755859375,127,714.5499877929688,719.4500122070312,145,719.4500122070312,0,758.0,0,0,0,0.0
2024-08-12 14:45:00,712.6500244140625,713.8499755859375,712.0999755859375,712.2999877929688,712.2999877929688,282,714.5499877929688,719.4500122070312,146,719.4500122070312,0,617.8,0,0,0,0.0
2024-08-12 15:00:00,712.1500244140625,713.0,708.7999877929688,710.0499877929688,710.0499877929688,4158,714.5499877929688,719.4500122070312,147,719.4500122070312,0,982.2,1,0,0,0.0
2024-08-12 15:15:00,710.0,711.0999755859375,708.0999755859375,711.0999755859375,711.0999755859375,914,713.7999877929688,719.4500122070312,148,719.4500122070312,0,1118.0,0,1,0,0.0
2024-08-13 09:15:00,713.7000122070312,713.7999877929688,703.8499755859375,705.4000244140625,705.4000244140625,7410,712.5999755859375,719.4500122070312,149,719.4500122070312,0,2578.2,1,0,0,0.0
2024-08-13 09:30:00,705.4000244140625,705.4000244140625,700.4500122070312,702.9500122070312,702.9500122070312,6041,712.2999877929688,719.4500122070312,150,719.4500122070312,0,3761.0,1,0,0,0.0
2024-08-13 09:45:00,703.9000244140625,705.0499877929688,699.9000244140625,701.5499877929688,701.5499877929688,2781,711.0999755859375,719.4500122070312,151,719.4500122070312,0,4260.8,0,0,0,0.0
2024-08-13 10:00:00,703.0,703.9000244140625,700.0,700.75,700.75,1124,711.0999755859375,719.4500122070312,152,719.4500122070312,0,3654.0,0,0,0,0.0
2024-08-13 10:15:00,700.5,701.7999877929688,700.0499877929688,701.6500244140625,701.6500244140625,338,705.4000244140625,719.4500122070312,153,719.4500122070312,0,3538.8,0,1,0,0.0
2024-08-13 10:30:00,701.6500244140625,709.25,700.4500122070312,709.25,709.25,1375,709.25,719.4500122070312,154,719.4500122070312,0,2331.8,0,1,0,0.0
2024-08-13 10:45:00,708.9500122070312,712.0499877929688,708.0499877929688,710.0,710.0,1050,710.0,719.4500122070312,155,719.4500122070312,0,1333.6,0,1,0,0.0
2024-08-13 11:00:00,711.7999877929688,711.7999877929688,706.75,708.3499755859375,708.3499755859375,551,710.0,719.4500122070312,156,719.4500122070312,0,887.6,0,0,0,0.0
2024-08-13 11:15:00,706.75,709.3499755859375,706.75,708.7999877929688,708.7999877929688,699,710.0,719.4500122070312,157,719.4500122070312,0,802.6,0,1,0,0.0
2024-08-13 11:30:00,708.0499877929688,708.0499877929688,705.7000122070312,707.9500122070312,707.9500122070312,21692,710.0,719.4500122070312,158,719.4500122070312,0,5073.4,1,0,0,0.0
2024-08-13 11:45:00,707.9500122070312,708.0999755859375,706.3499755859375,708.0999755859375,708.0999755859375,195,710.0,719.4500122070312,159,719.4500122070312,0,4837.4,0,1,0,0.0
2024-08-13 12:00:00,707.3499755859375,707.3499755859375,705.75,705.75,705.75,345,708.7999877929688,719.4500122070312,160,719.4500122070312,0,4696.4,0,0,0,0.0
2024-08-13 12:15:00,706.9500122070312,706.9500122070312,702.4500122070312,704.8499755859375,704.8499755859375,22601,708.7999877929688,719.4500122070312,161,719.4500122070312,0,9106.4,1,0,0,0.0
2024-08-13 12:30:00,705.9000244140625,705.9000244140625,703.25,704.1500244140625,704.1500244140625,225,708.0999755859375,719.4500122070312,162,719.4500122070312,0,9011.6,0,0,0,0.0
2024-08-13 12:45:00,703.9000244140625,704.0,700.2000122070312,703.7999877929688,703.7999877929688,1694,708.0999755859375,719.4500122070312,163,719.4500122070312,0,5012.0,0,0,0,0.0
2024-08-13 13:00:00,702.0499877929688,702.4500122070312,699.25,700.5999755859375,700.5999755859375,3987,705.75,719.4500122070312,164,719.4500122070312,0,5770.4,0,0,0,0.0
2024-08-13 13:15:00,701.2000122070312,703.4000244140625,701.2000122070312,702.5999755859375,702.5999755859375,232,704.8499755859375,719.4500122070312,165,719.4500122070312,0,5747.8,0,1,0,0.0
2024-08-13 13:30:00,704.25,705.0499877929688,703.7000122070312,704.4000244140625,704.4000244140625,227,704.4000244140625,719.4500122070312,166,719.4500122070312,0,1273.0,0,1,0,0.0
2024-08-13 13:45:00,701.6500244140625,703.1500244140625,695.0,695.2000122070312,695.2000122070312,2585,704.4000244140625,719.4500122070312,167,719.4500122070312,0,1745.0,1,0,0,0.0
2024-08-13 14:00:00,695.0,699.5999755859375,693.3499755859375,698.8499755859375,698.8499755859375,1060,704.4000244140625,719.4500122070312,168,719.4500122070312,0,1618.2,0,1,0,0.0
2024-08-13 14:15:00,696.5999755859375,698.7000122070312,696.1500244140625,698.0,698.0,464,704.4000244140625,719.4500122070312,169,719.4500122070312,0,913.6,0,0,0,0.0
2024-08-13 14:30:00,697.8499755859375,698.8499755859375,696.0,698.8499755859375,698.8499755859375,1188,704.4000244140625,719.4500122070312,170,719.4500122070312,0,1104.8,1,1,0,0.0
2024-08-13 14:45:00,699.25,699.4000244140625,694.0,694.5,694.5,1559,698.8499755859375,719.4500122070312,171,719.4500122070312,0,1371.2,1,0,0,0.0
2024-08-13 15:00:00,694.5,695.0999755859375,689.5,690.0,690.0,1628,698.8499755859375,719.4500122070312,172,719.4500122070312,0,1179.8,1,0,0,0.0
2024-08-13 15:15:00,690.5499877929688,692.2000122070312,682.9500122070312,688.3499755859375,688.3499755859375,2668,698.8499755859375,719.4500122070312,173,719.4500122070312,0,1501.4,1,0,0,0.0
2024-08-14 09:15:00,689.0,696.5,684.5499877929688,684.5499877929688,684.5499877929688,581,698.8499755859375,719.4500122070312,174,719.4500122070312,0,1524.8,0,0,0,0.0
2024-08-14 09:30:00,681.0499877929688,683.4500122070312,676.0,680.5499877929688,680.5499877929688,2965,694.5,719.4500122070312,175,719.4500122070312,0,1880.2,1,0,0,0.0
2024-08-14 09:45:00,681.9000244140625,686.75,681.0,683.9000244140625,683.9000244140625,1384,690.0,719.4500122070312,176,719.4500122070312,0,1845.2,0,1,0,0.0
2024-08-14 10:00:00,684.25,684.9000244140625,680.8499755859375,682.5999755859375,682.5999755859375,1223,688.3499755859375,719.4500122070312,177,719.4500122070312,0,1764.2,0,0,0,0.0
2024-08-14 10:15:00,682.9500122070312,683.0499877929688,681.2999877929688,681.2999877929688,681.2999877929688,179,684.5499877929688,719.4500122070312,178,719.4500122070312,0,1266.4,0,0,0,0.0
2024-08-14 10:30:00,681.8499755859375,688.3499755859375,681.8499755859375,686.9500122070312,686.9500122070312,6612,686.9500122070312,719.4500122070312,179,719.4500122070312,0,2472.6,1,1,0,0.0
2024-08-14 10:45:00,685.9000244140625,685.9000244140625,680.2999877929688,680.5499877929688,680.5499877929688,904,686.9500122070312,719.4500122070312,180,719.4500122070312,0,2060.4,0,0,0,0.0
2024-08-14 11:00:00,680.0,682.75,680.0,682.75,682.75,451,686.9500122070312,719.4500122070312,181,719.4500122070312,0,1873.8,0,1,0,0.0
2024-08-14 11:15:00,681.5499877929688,681.5499877929688,679.6500244140625,680.0499877929688,680.0499877929688,269,686.9500122070312,719.4500122070312,182,719.4500122070312,0,1683.0,0,0,0,0.0
2024-08-14 11:30:00,681.0999755859375,683.9500122070312,680.9500122070312,683.4000244140625,683.4000244140625,570,686.9500122070312,719.4500122070312,183,719.4500122070312,0,1761.2,0,1,0,0.0
2024-08-14 11:45:00,683.3499755859375,683.3499755859375,681.3499755859375,682.5499877929688,682.5499877929688,251,683.4000244140625,719.4500122070312,184,719.4500122070312,0,489.0,0,0,0,0.0
2024-08-14 12:00:00,682.9000244140625,685.5499877929688,682.9000244140625,685.4500122070312,685.4500122070312,494,685.4500122070312,719.4500122070312,185,719.4500122070312,0,407.0,1,1,0,0.0
2024-08-14 12:15:00,686.0999755859375,687.7999877929688,685.9500122070312,687.7999877929688,687.7999877929688,104,687.7999877929688,719.4500122070312,186,719.4500122070312,0,337.6,0,1,0,0.0
2024-08-14 12:30:00,687.0,687.0,687.0,687.0,687.0,2,687.7999877929688,719.4500122070312,187,719.4500122070312,0,284.2,0,0,0,0.0
2024-08-14 12:45:00,687.7999877929688,689.9000244140625,687.7999877929688,689.9000244140625,689.9000244140625,125,689.9000244140625,719.4500122070312,188,719.4500122070312,0,195.2,0,1,0,0.0
2024-08-14 13:00:00,689.9000244140625,690.0,685.9000244140625,686.0999755859375,686.0999755859375,279,689.9000244140625,719.4500122070312,189,719.4500122070312,0,200.8,1,0,0,0.0
2024-08-14 13:15:00,685.1500244140625,686.6500244140625,685.1500244140625,686.6500244140625,686.6500244140625,139,689.9000244140625,719.4500122070312,190,719.4500122070312,0,129.8,1,1,0,0.0
2024-08-14 13:30:00,686.4000244140625,686.8499755859375,684.7000122070312,685.6500244140625,685.6500244140625,379,689.9000244140625,719.4500122070312,191,719.4500122070312,0,184.8,1,0,0,0.0
2024-08-14 13:45:00,686.4500122070312,687.2000122070312,686.4500122070312,687.2000122070312,687.2000122070312,25,689.9000244140625,719.4500122070312,192,719.4500122070312,0,189.4,0,1,0,0.0
2024-08-14 14:00:00,687.9500122070312,687.9500122070312,687.0499877929688,687.2999877929688,687.2999877929688,129,687.2999877929688,719.4500122070312,193,719.4500122070312,0,190.2,0,1,0,0.0
2024-08-14 14:15:00,688.0,688.0999755859375,686.9500122070312,686.9500122070312,686.9500122070312,46,687.2999877929688,719.4500122070312,194,719.4500122070312,0,143.6,0,0,0,0.0
2024-08-14 14:30:00,686.5499877929688,686.5499877929688,682.8499755859375,682.8499755859375,682.8499755859375,256,687.2999877929688,719.4500122070312,195,719.4500122070312,0,167.0,1,0,0,0.0
2024-08-14 14:45:00,682.2000122070312,684.7999877929688,682.0,684.7000122070312,684.7000122070312,239,687.2999877929688,719.4500122070312,196,719.4500122070312,0,139.0,1,1,0,0.0
2024-08-14 15:00:00,684.25,684.5999755859375,682.0499877929688,683.6500244140625,683.6500244140625,255,687.2999877929688,719.4500122070312,197,719.4500122070312,0,185.0,1,0,0,0.0
2024-08-14 15:15:00,683.8499755859375,684.5499877929688,682.4000244140625,683.8499755859375,683.8499755859375,1103,686.9500122070312,719.4500122070312,198,719.4500122070312,0,379.8,1,1,0,0.0
2024-08-16 09:15:00,697.5499877929688,705.4000244140625,697.5499877929688,698.0,698.0,2082,698.0,719.4500122070312,199,719.4500122070312,0,787.0,1,1,0,0.0
2024-08-16 09:30:00,698.0,704.7000122070312,693.6500244140625,703.7000122070312,703.7000122070312,3463,703.7000122070312,719.4500122070312,200,719.4500122070312,0,1428.4,1,1,0,0.0
2024-08-16 09:45:00,702.4500122070312,705.4500122070312,702.4500122070312,705.25,705.25,535,705.25,719.4500122070312,201,719.4500122070312,0,1487.6,0,1,0,0.0
2024-08-16 10:00:00,703.0,703.0,699.0999755859375,699.1500244140625,699.1500244140625,525,705.25,719.4500122070312,202,719.4500122070312,0,1541.6,0,0,0,0.0
2024-08-16 10:15:00,699.0,701.3499755859375,698.0,699.0,699.0,1726,705.25,719.4500122070312,203,719.4500122070312,0,1666.2,1,0,0,0.0
2024-08-16 10:30:00,699.0,699.9000244140625,698.1500244140625,698.25,698.25,2554,705.25,719.4500122070312,204,719.4500122070312,0,1760.6,1,0,0,0.0
2024-08-16 10:45:00,698.2999877929688,700.2999877929688,697.4500122070312,699.6500244140625,699.6500244140625,103,705.25,719.4500122070312,205,719.4500122070312,0,1088.6,0,1,0,0.0
2024-08-16 11:00:00,700.3499755859375,701.5,698.75,700.2999877929688,700.2999877929688,194,700.2999877929688,719.4500122070312,206,719.4500122070312,0,1020.4,0,1,0,0.0
2024-08-16 11:15:00,700.25,701.5499877929688,699.2000122070312,700.4000244140625,700.4000244140625,203,700.4000244140625,719.4500122070312,207,719.4500122070312,0,956.0,0,1,0,0.0
2024-08-16 11:30:00,700.5999755859375,700.9500122070312,698.5499877929688,699.4500122070312,699.4500122070312,750,700.4000244140625,719.4500122070312,208,719.4500122070312,0,760.8,0,0,0,0.0
2024-08-16 11:45:00,698.8499755859375,699.7000122070312,698.5,698.5,698.5,71,700.4000244140625,719.4500122070312,209,719.4500122070312,0,264.2,0,0,0,0.0
2024-08-16 12:00:00,699.9000244140625,699.9000244140625,697.5999755859375,699.6500244140625,699.6500244140625,145,700.4000244140625,719.4500122070312,210,719.4500122070312,0,272.6,0,1,0,0.0
2024-08-16 12:15:00,699.5,702.0499877929688,698.4000244140625,700.2999877929688,700.2999877929688,779,700.4000244140625,719.4500122070312,211,719.4500122070312,0,389.6,1,1,0,0.0
2024-08-16 12:30:00,700.2999877929688,701.9000244140625,699.0,700.75,700.75,1097,700.75,719.4500122070312,212,719.4500122070312,0,568.4,1,1,0,0.0
2024-08-16 12:45:00,700.4500122070312,701.4000244140625,699.9500122070312,701.3499755859375,701.3499755859375,76,701.3499755859375,719.4500122070312,213,719.4500122070312,0,433.6,0,1,0,0.0
2024-08-16 13:00:00,701.3499755859375,703.0499877929688,699.25,701.2000122070312,701.2000122070312,848,701.3499755859375,719.4500122070312,214,719.4500122070312,0,589.0,1,0,0,0.0
2024-08-16 13:15:00,700.0499877929688,700.25,694.0,694.2000122070312,694.2000122070312,1327,701.3499755859375,719.4500122070312,215,719.4500122070312,0,825.4,1,0,0,0.0
2024-08-16 13:30:00,694.0,696.25,693.5499877929688,695.2999877929688,695.2999877929688,2493,701.3499755859375,719.4500122070312,216,719.4500122070312,0,1168.2,1,1,0,0.0
2024-08-16 13:45:00,694.8499755859375,695.1500244140625,692.5,693.7000122070312,693.7000122070312,345,701.3499755859375,719.4500122070312,217,719.4500122070312,0,1017.8,0,0,0,0.0
2024-08-16 14:00:00,693.2999877929688,695.4500122070312,692.8499755859375,694.0,694.0,145,701.2000122070312,719.4500122070312,218,719.4500122070312,0,1031.6,0,1,0,0.0
2024-08-16 14:15:00,693.6500244140625,695.2999877929688,693.0999755859375,695.2999877929688,695.2999877929688,354,695.2999877929688,719.4500122070312,219,719.4500122070312,0,932.8,0,1,0,0.0
2024-08-16 14:30:00,695.0,695.0,693.4500122070312,694.0499877929688,694.0499877929688,186,695.2999877929688,719.4500122070312,220,719.4500122070312,0,704.6,0,0,0,0.0
2024-08-16 14:45:00,694.5,694.7000122070312,693.0999755859375,693.5,693.5,181,695.2999877929688,719.4500122070312,221,719.4500122070312,0,242.2,0,0,0,0.0
2024-08-16 15:00:00,693.3499755859375,695.0,693.3499755859375,694.1500244140625,694.1500244140625,605,695.2999877929688,719.4500122070312,222,719.4500122070312,0,294.2,1,1,0,0.0
2024-08-16 15:15:00,694.8499755859375,702.2000122070312,694.75,697.9000244140625,697.9000244140625,1995,697.9000244140625,719.4500122070312,223,719.4500122070312,0,664.2,1,1,0,0.0
2024-08-19 09:15:00,707.0,720.0499877929688,707.0,719.0,719.0,880,719.0,719.4500122070312,224,719.4500122070312,0,769.4,1,1,0,0.0
2024-08-19 09:30:00,719.5499877929688,719.5499877929688,706.5999755859375,709.4500122070312,709.4500122070312,1937,719.0,719.4500122070312,225,719.4500122070312,0,1119.6,1,0,0,0.0
2024-08-19 09:45:00,707.5999755859375,709.9000244140625,707.5,709.9000244140625,709.9000244140625,163,719.0,719.4500122070312,226,719.4500122070312,0,1116.0,0,1,0,0.0
2024-08-19 10:00:00,707.0,707.0,697.9500122070312,700.0499877929688,700.0499877929688,532,719.0,719.4500122070312,227,719.4500122070312,0,1101.4,0,0,0,0.0
2024-08-19 10:15:00,699.5,702.8499755859375,699.2999877929688,702.8499755859375,702.8499755859375,113,719.0,719.4500122070312,228,719.4500122070312,0,725.0,0,1,0,0.0
2024-08-19 10:30:00,703.0,707.7999877929688,703.0,707.7999877929688,707.7999877929688,354,709.9000244140625,719.4500122070312,229,719.4500122070312,0,619.8,0,1,0,0.0
2024-08-19 10:45:00,707.5,708.3499755859375,706.7999877929688,706.7999877929688,706.7999877929688,119,709.9000244140625,719.4500122070312,230,719.4500122070312,0,256.2,0,0,0,0.0
2024-08-19 11:00:00,709.4000244140625,709.5499877929688,708.0499877929688,708.5,708.5,624,708.5,719.4500122070312,231,719.4500122070312,0,348.4,1,1,0,0.0
2024-08-19 11:15:00,709.9000244140625,713.6500244140625,709.9000244140625,713.5499877929688,713.5499877929688,206,713.5499877929688,719.4500122070312,232,719.4500122070312,0,283.2,0,1,0,0.0
2024-08-19 11:30:00,711.5999755859375,711.5999755859375,709.0499877929688,710.0,710.0,612,713.5499877929688,719.4500122070312,233,719.4500122070312,0,383.0,1,0,0,0.0
2024-08-19 11:45:00,710.2000122070312,710.2000122070312,707.6500244140625,709.4500122070312,709.4500122070312,43,713.5499877929688,719.4500122070312,234,719.4500122070312,0,320.8,0,0,0,0.0
2024-08-19 12:00:00,709.4500122070312,709.5,707.4000244140625,709.5,709.5,71,713.5499877929688,719.4500122070312,235,719.4500122070312,0,311.2,0,1,0,0.0
2024-08-19 12:15:00,710.2000122070312,710.5999755859375,707.8499755859375,710.5999755859375,710.5999755859375,1152,713.5499877929688,719.4500122070312,236,719.4500122070312,0,416.8,1,1,0,0.0
2024-08-19 12:30:00,707.9500122070312,709.0,707.9500122070312,708.3499755859375,708.3499755859375,104,710.5999755859375,719.4500122070312,237,719.4500122070312,0,396.4,0,0,0,0.0
2024-08-19 12:45:00,709.1500244140625,710.5999755859375,707.0999755859375,710.2000122070312,710.2000122070312,164,710.5999755859375,719.4500122070312,238,719.4500122070312,0,306.8,0,1,0,0.0
2024-08-19 13:00:00,709.8499755859375,711.0999755859375,709.7999877929688,709.7999877929688,709.7999877929688,138,710.5999755859375,719.4500122070312,239,719.4500122070312,0,325.8,0,0,0,0.0
2024-08-19 13:30:00,709.25,709.25,708.4500122070312,708.4500122070312,708.4500122070312,8,710.5999755859375,719.4500122070312,240,719.4500122070312,0,313.2,0,0,0,0.0
2024-08-19 13:45:00,708.4500122070312,709.7999877929688,707.8499755859375,709.0,709.0,69,710.2000122070312,719.4500122070312,241,719.4500122070312,0,96.6,0,1,0,0.0
2024-08-19 14:00:00,708.0499877929688,709.7999877929688,708.0499877929688,708.5,708.5,249,710.2000122070312,719.4500122070312,242,719.4500122070312,0,125.6,1,0,0,0.0
2024-08-19 14:15:00,709.0499877929688,709.7999877929688,707.8499755859375,707.8499755859375,707.8499755859375,98,709.7999877929688,719.4500122070312,243,719.4500122070312,0,112.4,0,0,0,0.0
2024-08-19 14:30:00,707.8499755859375,708.9000244140625,707.5,707.7000122070312,707.7000122070312,62,709.0,719.4500122070312,244,719.4500122070312,0,97.2,0,0,0,0.0
2024-08-19 14:45:00,707.7000122070312,709.0999755859375,706.1500244140625,706.1500244140625,706.1500244140625,195,709.0,719.4500122070312,245,719.4500122070312,0,134.6,1,0,0,0.0
2024-08-19 15:15:00,709.25,711.0,706.1500244140625,708.5,708.5,1254,708.5,719.4500122070312,246,719.4500122070312,0,371.6,1,1,0,0.0
2024-08-20 09:15:00,717.3499755859375,718.7000122070312,710.5499877929688,715.7999877929688,715.7999877929688,436,715.7999877929688,719.4500122070312,247,719.4500122070312,0,409.0,1,1,0,0.0
2024-08-20 09:30:00,717.2999877929688,717.2999877929688,712.5999755859375,714.2999877929688,714.2999877929688,782,715.7999877929688,719.4500122070312,248,719.4500122070312,0,545.8,1,0,0,0.0
2024-08-20 09:45:00,714.3499755859375,714.3499755859375,712.3499755859375,713.3499755859375,713.3499755859375,443,715.7999877929688,719.4500122070312,249,719.4500122070312,0,622.0,0,0,0,0.0
2024-08-20 10:00:00,713.5499877929688,714.8499755859375,713.2999877929688,714.8499755859375,714.8499755859375,269,715.7999877929688,719.0,250,719.0,0,636.8,0,1,0,0.0
2024-08-20 10:15:00,714.9500122070312,714.9500122070312,712.4000244140625,713.9500122070312,713.9500122070312,379,715.7999877929688,719.0,251,719.0,0,461.8,0,0,0,0.0
2024-08-20 10:30:00,713.2000122070312,714.9500122070312,713.2000122070312,713.5499877929688,713.5499877929688,93,714.8499755859375,719.0,252,719.0,0,393.2,0,0,0,0.0
2024-08-20 10:45:00,713.2000122070312,713.5,712.0499877929688,712.6500244140625,712.6500244140625,1480,714.8499755859375,719.0,253,719.0,0,532.8,1,0,0,0.0
2024-08-20 11:00:00,713.2000122070312,716.75,713.0499877929688,716.1500244140625,716.1500244140625,754,716.1500244140625,719.0,254,719.0,0,595.0,1,1,0,0.0
2024-08-20 11:15:00,715.5,716.2999877929688,712.5999755859375,714.4000244140625,714.4000244140625,353,716.1500244140625,719.0,255,719.0,0,611.8,0,0,0,0.0
2024-08-20 11:30:00,714.3499755859375,714.3499755859375,711.4000244140625,711.9000244140625,711.9000244140625,362,716.1500244140625,719.0,256,719.0,0,608.4,0,0,0,0.0
2024-08-20 11:45:00,712.9500122070312,713.0,711.6500244140625,712.0,712.0,511,716.1500244140625,719.0,257,719.0,0,692.0,0,1,0,0.0
2024-08-20 12:00:00,712.0,712.75,711.2999877929688,711.2999877929688,711.2999877929688,389,716.1500244140625,719.0,258,719.0,0,473.8,0,0,0,0.0
2024-08-20 12:15:00,711.0,712.2000122070312,711.0,711.0,711.0,173,714.4000244140625,719.0,259,719.0,0,357.6,0,0,0,0.0
2024-08-20 12:30:00,709.2999877929688,711.9500122070312,709.2999877929688,711.9500122070312,711.9500122070312,195,712.0,719.0,260,719.0,0,326.0,0,1,0,0.0
2024-08-20 12:45:00,711.0499877929688,713.2999877929688,711.0499877929688,712.5,712.5,118,712.5,719.0,261,719.0,0,277.2,0,1,0,0.0
2024-08-20 13:00:00,713.5,713.5,712.0,712.0,712.0,64,712.5,719.0,262,719.0,0,187.8,0,0,0,0.0
2024-08-20 13:15:00,712.4000244140625,713.1500244140625,712.4000244140625,713.1500244140625,713.1500244140625,112,713.1500244140625,719.0,263,719.0,0,132.4,0,1,0,0.0
2024-08-20 13:30:00,713.0999755859375,713.2000122070312,712.8499755859375,713.2000122070312,713.2000122070312,70,713.2000122070312,719.0,264,719.0,0,111.8,0,1,0,0.0
2024-08-20 13:45:00,711.5499877929688,713.2999877929688,711.5499877929688,712.0,712.0,361,713.2000122070312,719.0,265,719.0,0,145.0,1,0,0,0.0
2024-08-20 14:00:00,712.9500122070312,712.9500122070312,712.0,712.5,712.5,139,713.2000122070312,719.0,266,719.0,0,149.2,0,1,0,0.0
2024-08-20 14:15:00,713.0,716.0,713.0,716.0,716.0,461,716.0,719.0,267,719.0,0,228.6,1,1,0,0.0
2024-08-20 14:30:00,715.4000244140625,715.5499877929688,713.7999877929688,713.7999877929688,713.7999877929688,385,716.0,719.0,268,719.0,0,283.2,1,0,0,0.0
2024-08-20 14:45:00,713.7999877929688,715.4000244140625,713.7999877929688,715.4000244140625,715.4000244140625,894,716.0,719.0,269,719.0,0,448.0,1,1,0,0.0
2024-08-20 15:00:00,714.9500122070312,717.6500244140625,713.3499755859375,716.25,716.25,1366,716.25,719.0,270,719.0,0,649.0,1,1,0,0.0
2024-08-20 15:15:00,717.5,717.8499755859375,713.8499755859375,716.0,716.0,1020,716.25,719.0,271,719.0,0,825.2,1,0,0,0.0
2024-08-21 09:15:00,726.2999877929688,738.5999755859375,723.9000244140625,735.1500244140625,735.1500244140625,10276,735.1500244140625,719.0,272,735.1500244140625,1,2788.2,1,1,1,735.1500244140625
2024-08-21 09:30:00,733.5,734.7999877929688,725.6500244140625,729.75,729.75,2582,735.1500244140625,719.0,273,735.1500244140625,1,3227.6,0,0,0,0.0
2024-08-21 09:45:00,729.8499755859375,731.0999755859375,726.4500122070312,727.2999877929688,727.2999877929688,3044,735.1500244140625,719.0,274,735.1500244140625,1,3657.6,0,0,0,0.0
2024-08-21 10:00:00,727.0999755859375,727.7000122070312,721.5499877929688,721.5999755859375,721.5999755859375,1533,735.1500244140625,719.0,275,735.1500244140625,1,3691.0,0,0,0,0.0
2024-08-21 10:15:00,723.5,723.5,712.8499755859375,712.8499755859375,712.8499755859375,3502,735.1500244140625,719.0,276,735.1500244140625,1,4187.4,0,0,0,0.0
2024-08-21 10:30:00,715.75,717.7000122070312,713.9500122070312,717.4500122070312,717.4500122070312,997,729.75,719.0,277,735.1500244140625,1,2331.6,0,1,0,0.0
2024-08-21 10:45:00,717.6500244140625,717.6500244140625,714.75,714.75,714.75,191,727.2999877929688,735.1500244140625,278,735.1500244140625,0,1853.4,0,0,0,0.0
2024-08-21 11:00:00,715.9000244140625,716.9500122070312,715.9000244140625,716.7000122070312,716.7000122070312,88,721.5999755859375,735.1500244140625,279,735.1500244140625,0,1262.2,0,1,0,0.0
2024-08-21 11:15:00,715.0999755859375,715.7999877929688,713.0499877929688,714.0,714.0,167,717.4500122070312,735.1500244140625,280,735.1500244140625,0,989.0,0,0,0,0.0
2024-08-21 11:30:00,714.4500122070312,714.4500122070312,713.0,713.0,713.0,440,717.4500122070312,735.1500244140625,281,735.1500244140625,0,376.6,1,0,0,0.0
2024-08-21 11:45:00,713.9000244140625,714.8499755859375,713.0,714.8499755859375,714.8499755859375,155,716.7000122070312,735.1500244140625,282,735.1500244140625,0,208.2,0,1,0,0.0
2024-08-21 12:00:00,713.7000122070312,715.3499755859375,712.0,714.0,714.0,1562,716.7000122070312,735.1500244140625,283,735.1500244140625,0,482.4,1,0,0,0.0
2024-08-21 12:15:00,714.0,717.5999755859375,714.0,717.5999755859375,717.5999755859375,481,717.5999755859375,735.1500244140625,284,735.1500244140625,0,561.0,0,1,0,0.0
2024-08-21 12:30:00,720.2999877929688,723.75,719.8499755859375,723.75,723.75,54,723.75,735.1500244140625,285,735.1500244140625,0,538.4,0,1,0,0.0
2024-08-21 12:45:00,722.6500244140625,722.6500244140625,721.7000122070312,721.7000122070312,721.7000122070312,601,723.75,735.1500244140625,286,735.1500244140625,0,570.6,1,0,0,0.0
2024-08-21 13:00:00,721.75,721.75,721.0499877929688,721.0499877929688,721.0499877929688,351,723.75,735.1500244140625,287,735.1500244140625,0,609.8,0,0,0,0.0
2024-08-21 13:30:00,722.1500244140625,723.2000122070312,721.1500244140625,723.2000122070312,723.2000122070312,134,723.75,735.1500244140625,288,735.1500244140625,0,324.2,0,1,0,0.0
2024-08-21 13:45:00,722.5999755859375,723.7999877929688,719.9500122070312,723.7999877929688,723.7999877929688,372,723.7999877929688,735.1500244140625,289,735.1500244140625,0,302.4,1,1,0,0.0
2024-08-21 14:00:00,723.7999877929688,727.0,723.7999877929688,724.4000244140625,724.4000244140625,1005,724.4000244140625,735.1500244140625,290,735.1500244140625,0,492.6,1,1,0,0.0
2024-08-21 14:15:00,723.6500244140625,726.6500244140625,722.0999755859375,723.8499755859375,723.8499755859375,608,724.4000244140625,735.1500244140625,291,735.1500244140625,0,494.0,1,0,0,0.0
2024-08-21 14:30:00,723.5999755859375,725.4000244140625,722.4500122070312,725.4000244140625,725.4000244140625,4,725.4000244140625,735.1500244140625,292,735.1500244140625,0,424.6,0,1,0,0.0
2024-08-21 14:45:00,725.5499877929688,725.5499877929688,723.1500244140625,725.4000244140625,725.4000244140625,1237,725.4000244140625,735.1500244140625,293,735.1500244140625,0,645.2,1,0,0,0.0
2024-08-21 15:00:00,725.6500244140625,726.6500244140625,724.7000122070312,726.6500244140625,726.6500244140625,975,726.6500244140625,735.1500244140625,294,735.1500244140625,0,765.8,1,1,0,0.0
2024-08-21 15:15:00,726.0499877929688,727.7000122070312,723.2999877929688,725.9500122070312,725.9500122070312,775,726.6500244140625,735.1500244140625,295,735.1500244140625,0,719.8,1,0,0,0.0
2024-08-22 09:15:00,729.4500122070312,734.1500244140625,726.0999755859375,728.6500244140625,728.6500244140625,2152,728.6500244140625,735.1500244140625,296,735.1500244140625,0,1028.6,1,1,0,0.0
2024-08-22 09:30:00,727.9500122070312,727.9500122070312,726.6500244140625,726.6500244140625,726.6500244140625,412,728.6500244140625,735.1500244140625,297,735.1500244140625,0,1110.2,0,0,0,0.0
2024-08-22 09:45:00,727.9500122070312,731.0,726.4500122070312,729.1500244140625,729.1500244140625,910,729.1500244140625,735.1500244140625,298,735.1500244140625,0,1044.8,0,1,0,0.0
2024-08-22 10:00:00,728.5499877929688,729.9500122070312,728.5,729.9500122070312,729.9500122070312,58,729.9500122070312,735.1500244140625,299,735.1500244140625,0,861.4,0,1,0,0.0
2024-08-22 10:15:00,731.0,731.5499877929688,729.5499877929688,730.9000244140625,730.9000244140625,317,730.9000244140625,735.1500244140625,300,735.1500244140625,0,769.8,0,1,0,0.0
2024-08-22 10:30:00,731.1500244140625,734.0,730.8499755859375,734.0,734.0,63,734.0,735.1500244140625,301,735.1500244140625,0,352.0,0,1,0,0.0
2024-08-22 10:45:00,732.5499877929688,733.4500122070312,730.25,730.25,730.25,9,734.0,735.1500244140625,302,735.1500244140625,0,271.4,0,0,0,0.0
2024-08-22 11:00:00,729.5,729.5,729.5,729.5,729.5,5,734.0,735.1500244140625,303,735.1500244140625,0,90.4,0,0,0,0.0
2024-08-22 11:15:00,729.5,729.5,725.1500244140625,726.3499755859375,726.3499755859375,598,734.0,735.1500244140625,304,735.1500244140625,0,198.4,1,0,0,0.0
2024-08-22 11:45:00,724.5,724.5,720.6500244140625,720.9500122070312,720.9500122070312,567,734.0,735.1500244140625,305,735.1500244140625,0,248.4,1,0,0,0.0
2024-08-22 12:00:00,720.75,720.75,720.75,720.75,720.75,43,730.25,735.1500244140625,306,735.1500244140625,0,244.4,0,0,0,0.0
2024-08-22 12:15:00,720.75,720.75,719.7999877929688,719.7999877929688,719.7999877929688,478,729.5,735.1500244140625,307,735.1500244140625,0,338.2,1,0,0,0.0
2024-08-22 12:30:00,722.5999755859375,723.7000122070312,722.2999877929688,723.7000122070312,723.7000122070312,5768,726.3499755859375,735.1500244140625,308,735.1500244140625,0,1490.8,1,1,0,0.0
2024-08-22 12:45:00,723.3499755859375,723.75,721.9500122070312,721.9500122070312,721.9500122070312,106,723.7000122070312,735.1500244140625,309,735.1500244140625,0,1392.4,0,0,0,0.0
2024-08-22 13:00:00,720.5999755859375,720.5999755859375,719.7999877929688,719.7999877929688,719.7999877929688,45,723.7000122070312,735.1500244140625,310,735.1500244140625,0,1288.0,0,0,0,0.0
2024-08-22 13:15:00,719.0,719.0,716.7999877929688,718.9000244140625,718.9000244140625,34,723.7000122070312,735.1500244140625,311,735.1500244140625,0,1286.2,0,0,0,0.0
2024-08-22 13:30:00,716.8499755859375,718.0999755859375,716.8499755859375,718.0999755859375,718.0999755859375,2,723.7000122070312,735.1500244140625,312,735.1500244140625,0,1191.0,0,0,0,0.0
2024-08-22 13:45:00,716.2999877929688,718.25,716.2999877929688,718.25,718.25,146,721.9500122070312,735.1500244140625,313,735.1500244140625,0,66.6,1,1,0,0.0
2024-08-22 14:00:00,718.25,718.25,718.25,718.25,718.25,20,719.7999877929688,735.1500244140625,314,735.1500244140625,0,49.4,0,0,0,0.0
2024-08-22 14:15:00,718.9500122070312,719.0,718.1500244140625,718.1500244140625,718.1500244140625,55,718.9000244140625,735.1500244140625,315,735.1500244140625,0,51.4,1,0,0,0.0
2024-08-22 14:30:00,719.1500244140625,719.1500244140625,717.5499877929688,717.5499877929688,717.5499877929688,51,718.25,735.1500244140625,316,735.1500244140625,0,54.8,0,0,0,0.0
2024-08-22 14:45:00,717.5,719.75,717.5,718.75,718.75,124,718.75,735.1500244140625,317,735.1500244140625,0,79.2,1,1,0,0.0
2024-08-22 15:00:00,719.7000122070312,730.0,719.7000122070312,729.8499755859375,729.8499755859375,993,729.8499755859375,735.1500244140625,318,735.1500244140625,0,248.6,1,1,0,0.0
2024-08-22 15:15:00,730.9000244140625,734.0,728.1500244140625,728.1500244140625,728.1500244140625,288,729.8499755859375,735.1500244140625,319,735.1500244140625,0,302.2,0,0,0,0.0
2024-08-23 09:15:00,729.9500122070312,729.9500122070312,722.25,723.25,723.25,702,729.8499755859375,735.1500244140625,320,735.1500244140625,0,431.6,1,0,0,0.0
2024-08-23 09:30:00,722.9500122070312,724.7000122070312,722.0,723.4000244140625,723.4000244140625,49,729.8499755859375,735.1500244140625,321,735.1500244140625,0,431.2,0,1,0,0.0
2024-08-23 09:45:00,722.5499877929688,725.7000122070312,722.5,724.5499877929688,724.5499877929688,241,729.8499755859375,735.1500244140625,322,735.1500244140625,0,454.6,0,1,0,0.0
2024-08-23 10:00:00,723.2999877929688,731.5499877929688,723.2999877929688,730.75,730.75,838,730.75,735.1500244140625,323,735.1500244140625,0,423.6,1,1,0,0.0
2024-08-23 10:15:00,731.0499877929688,732.9500122070312,726.75,728.25,728.25,2206,730.75,735.1500244140625,324,735.1500244140625,0,807.2,1,0,0,0.0
2024-08-23 10:30:00,728.5999755859375,728.5999755859375,726.5,726.5499877929688,726.5499877929688,105,730.75,735.1500244140625,325,735.1500244140625,0,687.8,0,0,0,0.0
2024-08-23 10:45:00,726.5499877929688,726.5499877929688,724.0499877929688,724.0999755859375,724.0999755859375,113,730.75,735.1500244140625,326,735.1500244140625,0,700.6,0,0,0,0.0
2024-08-23 11:00:00,725.4500122070312,725.4500122070312,724.9500122070312,724.9500122070312,724.9500122070312,221,730.75,735.1500244140625,327,735.1500244140625,0,696.6,0,1,0,0.0
2024-08-23 11:15:00,726.0999755859375,726.0999755859375,725.0499877929688,725.25,725.25,52,728.25,735.1500244140625,328,735.1500244140625,0,539.4,0,1,0,0.0
2024-08-23 11:30:00,725.5,725.5,725.25,725.25,725.25,8,726.5499877929688,735.1500244140625,329,735.1500244140625,0,99.8,0,0,0,0.0
2024-08-23 11:45:00,725.2999877929688,725.2999877929688,725.2999877929688,725.2999877929688,725.2999877929688,1,725.2999877929688,735.1500244140625,330,735.1500244140625,0,79.0,0,1,0,0.0
2024-08-23 12:00:00,726.2000122070312,726.2000122070312,724.2999877929688,724.2999877929688,724.2999877929688,161,725.2999877929688,735.1500244140625,331,735.1500244140625,0,88.6,1,0,0,0.0
2024-08-23 12:15:00,724.25,724.25,724.25,724.25,724.25,2,725.2999877929688,735.1500244140625,332,735.1500244140625,0,44.8,0,0,0,0.0
2024-08-23 12:30:00,723.2000122070312,723.2000122070312,723.0499877929688,723.0499877929688,723.0499877929688,54,725.2999877929688,735.1500244140625,333,735.1500244140625,0,45.2,1,0,0,0.0
2024-08-23 12:45:00,722.1500244140625,723.2999877929688,720.9500122070312,720.9500122070312,720.9500122070312,1388,725.2999877929688,735.1500244140625,334,735.1500244140625,0,321.2,1,0,0,0.0
2024-08-23 13:00:00,720.0,720.75,718.75,719.2999877929688,719.2999877929688,124,724.2999877929688,735.1500244140625,335,735.1500244140625,0,345.8,0,0,0,0.0
2024-08-23 13:15:00,719.2999877929688,719.2999877929688,718.75,718.75,718.75,2,724.25,735.1500244140625,336,735.1500244140625,0,314.0,0,0,0,0.0
2024-08-23 13:30:00,719.25,719.25,719.25,719.25,719.25,8,723.0499877929688,735.1500244140625,337,735.1500244140625,0,315.2,0,1,0,0.0
2024-08-23 13:45:00,721.0,721.0,721.0,721.0,721.0,45,721.0,735.1500244140625,338,735.1500244140625,0,313.4,0,1,0,0.0
2024-08-23 14:00:00,720.4500122070312,720.4500122070312,719.25,719.25,719.25,83,721.0,735.1500244140625,339,735.1500244140625,0,52.4,1,0,0,0.0
2024-08-23 14:15:00,720.3499755859375,720.3499755859375,719.8499755859375,720.0,720.0,17,721.0,735.1500244140625,340,735.1500244140625,0,31.0,0,1,0,0.0
2024-08-23 14:30:00,720.8499755859375,723.4500122070312,720.8499755859375,723.0999755859375,723.0999755859375,207,723.0999755859375,735.1500244140625,341,735.1500244140625,0,72.0,1,1,0,0.0
2024-08-23 14:45:00,723.4500122070312,724.5,723.0999755859375,723.7000122070312,723.7000122070312,224,723.7000122070312,735.1500244140625,342,735.1500244140625,0,115.2,1,1,0,0.0
2024-08-23 15:00:00,724.5,734.0,724.5,734.0,734.0,355,734.0,735.1500244140625,343,735.1500244140625,0,177.2,1,1,0,0.0
2024-08-23 15:15:00,733.5,735.1500244140625,732.4500122070312,732.4500122070312,732.4500122070312,662,734.0,735.1500244140625,344,735.1500244140625,0,293.0,1,0,0,0.0
2024-08-26 09:15:00,740.0,750.0,733.9500122070312,734.0499877929688,734.0499877929688,8605,734.0499877929688,735.1500244140625,345,735.1500244140625,0,2010.6,1,1,0,0.0
2024-08-26 09:30:00,734.0999755859375,744.2000122070312,734.0999755859375,741.25,741.25,2377,741.25,735.1500244140625,346,741.25,1,2444.6,0,1,0,0.0
2024-08-26 09:45:00,741.5499877929688,749.9500122070312,741.5499877929688,749.9000244140625,749.9000244140625,3938,749.9000244140625,735.1500244140625,347,749.9000244140625,1,3187.4,1,1,1,749.9000244140625
2024-08-26 10:00:00,751.0,757.0,745.0,757.0,757.0,12581,757.0,735.1500244140625,348,757.0,1,5632.6,1,1,1,757.0
2024-08-26 10:15:00,757.5,758.6500244140625,753.7000122070312,756.6500244140625,756.6500244140625,5232,757.0,735.1500244140625,349,757.0,1,6546.6,0,0,0,0.0
2024-08-26 10:30:00,755.9500122070312,765.0,755.0,764.3499755859375,764.3499755859375,11783,764.3499755859375,735.1500244140625,350,764.3499755859375,1,7182.2,1,1,1,764.3499755859375
2024-08-26 10:45:00,764.3499755859375,774.7999877929688,764.0,773.0,773.0,23989,773.0,735.1500244140625,351,773.0,1,11504.6,1,1,1,773.0
2024-08-26 11:00:00,774.0,776.9500122070312,768.75,769.4000244140625,769.4000244140625,7594,773.0,741.25,352,773.0,1,12235.8,0,0,0,0.0
2024-08-26 11:15:00,771.2999877929688,773.3499755859375,767.75,771.9000244140625,771.9000244140625,4995,773.0,749.9000244140625,353,773.0,1,10718.6,0,1,0,0.0
2024-08-26 11:30:00,771.0,772.7999877929688,769.7000122070312,771.0999755859375,771.0999755859375,1587,773.0,757.0,354,773.0,1,9989.6,0,0,0,0.0
2024-08-26 11:45:00,771.0999755859375,772.75,769.0499877929688,769.2999877929688,769.2999877929688,3909,773.0,757.0,355,773.0,1,8414.8,0,0,0,0.0
2024-08-26 12:00:00,770.75,770.9500122070312,767.5,769.4000244140625,769.4000244140625,1080,771.9000244140625,764.3499755859375,356,773.0,1,3833.0,0,1,0,0.0
2024-08-26 12:15:00,769.4500122070312,771.0,765.6500244140625,771.0,771.0,2255,771.9000244140625,773.0,357,773.0,0,2765.2,0,1,0,0.0
2024-08-26 12:30:00,771.0999755859375,783.0,771.0999755859375,777.0,777.0,11886,777.0,773.0,358,777.0,1,4143.4,1,1,1,777.0
2024-08-26 12:45:00,776.9000244140625,779.1500244140625,773.4500122070312,775.5499877929688,775.5499877929688,1649,777.0,773.0,359,777.0,1,4155.8,0,0,0,0.0
2024-08-26 13:00:00,776.2000122070312,776.25,772.75,772.8499755859375,772.8499755859375,2299,777.0,773.0,360,777.0,1,3833.8,0,0,0,0.0
2024-08-26 13:15:00,775.3499755859375,777.9500122070312,775.3499755859375,776.0,776.0,1021,777.0,773.0,361,777.0,1,3822.0,0,1,0,0.0
2024-08-26 13:30:00,775.0,780.3499755859375,774.7999877929688,778.0499877929688,778.0499877929688,3707,778.0499877929688,773.0,362,778.0499877929688,1,4112.4,0,1,0,0.0
2024-08-26 13:45:00,780.0999755859375,780.0999755859375,774.1500244140625,775.9500122070312,775.9500122070312,3257,778.0499877929688,773.0,363,778.0499877929688,1,2386.6,1,0,0,0.0
2024-08-26 14:00:00,776.1500244140625,776.9500122070312,771.1500244140625,774.7000122070312,774.7000122070312,3005,778.0499877929688,777.0,364,778.0499877929688,1,2657.8,1,0,0,0.0
2024-08-26 14:15:00,776.75,776.9500122070312,773.4500122070312,776.4500122070312,776.4500122070312,1340,778.0499877929688,777.0,365,778.0499877929688,1,2466.0,0,1,0,0.0
2024-08-26 14:30:00,776.2999877929688,796.7000122070312,775.4000244140625,794.2999877929688,794.2999877929688,19765,794.2999877929688,777.0,366,794.2999877929688,1,6214.8,1,1,1,794.2999877929688
2024-08-26 14:45:00,793.3499755859375,797.0,780.6500244140625,785.0499877929688,785.0499877929688,9237,794.2999877929688,777.0,367,794.2999877929688,1,7320.8,1,0,0,0.0
2024-08-26 15:00:00,785.6500244140625,787.6500244140625,779.2000122070312,780.0499877929688,780.0499877929688,8367,794.2999877929688,778.0499877929688,368,794.2999877929688,1,8342.8,1,0,0,0.0
2024-08-26 15:15:00,781.9500122070312,782.5,773.5999755859375,781.7000122070312,781.7000122070312,7113,794.2999877929688,778.0499877929688,369,794.2999877929688,1,9164.4,0,1,0,0.0
2024-08-27 09:15:00,785.0,786.6500244140625,773.5,778.4500122070312,778.4500122070312,7452,794.2999877929688,778.0499877929688,370,794.2999877929688,1,10386.8,0,0,0,0.0
2024-08-27 09:30:00,779.0999755859375,786.9000244140625,777.3499755859375,777.7000122070312,777.7000122070312,3921,785.0499877929688,778.0499877929688,371,794.2999877929688,1,7218.0,0,0,0,0.0
2024-08-27 09:45:00,778.4000244140625,787.0999755859375,777.5499877929688,784.4500122070312,784.4500122070312,4774,784.4500122070312,794.2999877929688,372,794.2999877929688,0,6325.4,0,1,0,0.0
2024-08-27 10:00:00,785.7000122070312,789.4000244140625,785.0,785.7999877929688,785.7999877929688,2665,785.7999877929688,794.2999877929688,373,794.2999877929688,0,5185.0,0,1,0,0.0
2024-08-27 10:15:00,786.8499755859375,787.1500244140625,782.0499877929688,784.0999755859375,784.0999755859375,2731,785.7999877929688,794.2999877929688,374,794.2999877929688,0,4308.6,0,0,0,0.0
2024-08-27 10:30:00,784.0499877929688,787.5,782.4500122070312,783.9500122070312,783.9500122070312,2513,785.7999877929688,794.2999877929688,375,794.2999877929688,0,3320.8,0,0,0,0.0
2024-08-27 10:45:00,784.7000122070312,784.7000122070312,780.0,780.9000244140625,780.9000244140625,793,785.7999877929688,794.2999877929688,376,794.2999877929688,0,2695.2,0,0,0,0.0
2024-08-27 11:00:00,782.8499755859375,783.5499877929688,781.8499755859375,782.8499755859375,782.8499755859375,1328,785.7999877929688,794.2999877929688,377,794.2999877929688,0,2006.0,0,1,0,0.0
2024-08-27 11:15:00,783.0,786.5499877929688,782.0999755859375,785.0,785.0,1813,785.0,794.2999877929688,378,794.2999877929688,0,1835.6,0,1,0,0.0
2024-08-27 11:30:00,783.8499755859375,786.4500122070312,781.2999877929688,786.4500122070312,786.4500122070312,1070,786.4500122070312,794.2999877929688,379,794.2999877929688,0,1503.4,0,1,0,0.0
2024-08-27 11:45:00,785.9000244140625,785.9000244140625,783.9500122070312,785.4000244140625,785.4000244140625,667,786.4500122070312,794.2999877929688,380,794.2999877929688,0,1134.2,0,0,0,0.0
2024-08-27 12:00:00,785.5,788.9500122070312,785.5,787.7999877929688,787.7999877929688,2081,787.7999877929688,794.2999877929688,381,794.2999877929688,0,1391.8,1,1,0,0.0
2024-08-27 12:15:00,789.0499877929688,808.9500122070312,787.8499755859375,808.0,808.0,17879,808.0,794.2999877929688,382,808.0,1,4702.0,1,1,1,808.0
2024-08-27 12:30:00,807.0,807.0,791.0,793.25,793.25,4027,808.0,794.2999877929688,383,808.0,1,5144.8,0,0,0,0.0
2024-08-27 12:45:00,793.7000122070312,796.4000244140625,793.5,795.1500244140625,795.1500244140625,3305,808.0,794.2999877929688,384,808.0,1,5591.8,0,1,0,0.0
2024-08-27 13:00:00,795.25,801.5,795.25,799.9500122070312,799.9500122070312,3994,808.0,794.2999877929688,385,808.0,1,6257.2,0,1,0,0.0
2024-08-27 13:15:00,798.9000244140625,800.5,794.2000122070312,796.2999877929688,796.2999877929688,1339,808.0,794.2999877929688,386,808.0,1,6108.8,0,0,0,0.0
2024-08-27 13:30:00,794.2999877929688,797.3499755859375,794.2999877929688,795.0,795.0,2994,799.9500122070312,794.2999877929688,387,808.0,1,3131.8,0,0,0,0.0
2024-08-27 13:45:00,796.0499877929688,797.2999877929688,794.2000122070312,796.0499877929688,796.0499877929688,3022,799.9500122070312,808.0,388,808.0,0,2930.8,1,1,0,0.0
2024-08-27 14:00:00,795.75,802.0,795.1500244140625,802.0,802.0,3054,802.0,808.0,389,808.0,0,2880.6,1,1,0,0.0
2024-08-27 14:15:00,800.7999877929688,801.3499755859375,795.4500122070312,795.4500122070312,795.4500122070312,2844,802.0,808.0,390,808.0,0,2650.6,1,0,0,0.0
2024-08-27 14:30:00,795.0999755859375,795.9000244140625,792.9000244140625,793.5499877929688,793.5499877929688,2413,802.0,808.0,391,808.0,0,2865.4,0,0,0,0.0
2024-08-27 14:45:00,793.4000244140625,798.5999755859375,791.75,798.5999755859375,798.5999755859375,4455,802.0,808.0,392,808.0,0,3157.6,1,1,0,0.0
2024-08-27 15:00:00,798.0499877929688,803.9500122070312,797.0499877929688,803.8499755859375,803.8499755859375,4469,803.8499755859375,808.0,393,808.0,0,3447.0,1,1,0,0.0
2024-08-27 15:15:00,803.5999755859375,805.0,795.0,801.0999755859375,801.0999755859375,2602,803.8499755859375,808.0,394,808.0,0,3356.6,0,0,0,0.0
2024-08-28 09:15:00,808.4000244140625,812.2999877929688,801.0999755859375,810.0,810.0,7090,810.0,808.0,395,810.0,1,4205.8,1,1,1,810.0
2024-08-28 09:30:00,811.1500244140625,811.1500244140625,793.5999755859375,800.25,800.25,4137,810.0,808.0,396,810.0,1,4550.6,0,0,0,0.0
2024-08-28 09:45:00,797.0,807.6500244140625,793.9000244140625,807.6500244140625,807.6500244140625,1566,810.0,808.0,397,810.0,1,3972.8,0,1,0,0.0
2024-08-28 10:00:00,807.5999755859375,810.0499877929688,803.3499755859375,804.6500244140625,804.6500244140625,917,810.0,808.0,398,810.0,1,3262.4,0,0,0,0.0
2024-08-28 10:15:00,805.7000122070312,809.2999877929688,804.9500122070312,806.0,806.0,584,810.0,808.0,399,810.0,1,2858.8,0,1,0,0.0
2024-08-28 10:30:00,805.8499755859375,808.9500122070312,803.5999755859375,808.2999877929688,808.2999877929688,666,808.2999877929688,808.0,400,810.0,1,1574.0,0,1,0,0.0
2024-08-28 10:45:00,807.5499877929688,807.5499877929688,803.25,805.1500244140625,805.1500244140625,424,808.2999877929688,810.0,401,810.0,0,831.4,0,0,0,0.0
2024-08-28 11:00:00,803.5,804.0,800.2999877929688,800.5,800.5,532,808.2999877929688,810.0,402,810.0,0,624.6,0,0,0,0.0
2024-08-28 11:15:00,803.1500244140625,803.1500244140625,798.4500122070312,798.4500122070312,798.4500122070312,980,808.2999877929688,810.0,403,810.0,0,637.2,1,0,0,0.0
2024-08-28 11:30:00,798.7999877929688,800.0,798.6500244140625,800.0,800.0,186,808.2999877929688,810.0,404,810.0,0,557.6,0,1,0,0.0
2024-08-28 11:45:00,800.0,800.2999877929688,798.9500122070312,800.2999877929688,800.2999877929688,262,805.1500244140625,810.0,405,810.0,0,476.8,0,1,0,0.0
2024-08-28 12:00:00,800.2000122070312,805.1500244140625,795.75,795.75,795.75,898,800.5,810.0,406,810.0,0,571.6,1,0,0,0.0
2024-08-28 12:15:00,795.5,799.7000122070312,792.4000244140625,799.7000122070312,799.7000122070312,680,800.2999877929688,810.0,407,810.0,0,601.2,1,1,0,0.0
2024-08-28 12:30:00,799.7000122070312,799.7000122070312,794.2000122070312,794.2000122070312,794.2000122070312,210,800.2999877929688,810.0,408,810.0,0,447.2,0,0,0,0.0
2024-08-28 12:45:00,794.2999877929688,794.2999877929688,790.5499877929688,790.5499877929688,790.5499877929688,232,800.2999877929688,810.0,409,810.0,0,456.4,0,0,0,0.0
2024-08-28 13:00:00,789.0,790.0,785.0499877929688,788.2000122070312,788.2000122070312,2409,799.7000122070312,810.0,410,810.0,0,885.8,1,0,0,0.0
2024-08-28 13:15:00,787.5,791.2999877929688,785.7000122070312,791.2999877929688,791.2999877929688,1235,799.7000122070312,810.0,411,810.0,0,953.2,1,1,0,0.0
2024-08-28 13:30:00,790.0999755859375,790.4500122070312,789.4000244140625,790.4500122070312,790.4500122070312,79,794.2000122070312,810.0,412,810.0,0,833.0,0,0,0,0.0
2024-08-28 13:45:00,789.0499877929688,790.6500244140625,789.0499877929688,790.6500244140625,790.6500244140625,8,791.2999877929688,810.0,413,810.0,0,792.6,0,1,0,0.0
2024-08-28 14:00:00,789.6500244140625,790.4500122070312,788.0,788.0,788.0,145,791.2999877929688,810.0,414,810.0,0,775.2,0,0,0,0.0
2024-08-28 14:15:00,788.4000244140625,795.1500244140625,787.5999755859375,794.2000122070312,794.2000122070312,1951,794.2000122070312,810.0,415,810.0,0,683.6,1,1,0,0.0
2024-08-28 14:30:00,793.6500244140625,799.0,792.7000122070312,799.0,799.0,963,799.0,810.0,416,810.0,0,629.2,1,1,0,0.0
2024-08-28 14:45:00,795.25,795.7999877929688,790.0,794.4500122070312,794.4500122070312,215,799.0,810.0,417,810.0,0,656.4,0,0,0,0.0
2024-08-28 15:00:00,794.4500122070312,794.4500122070312,791.2999877929688,791.4000244140625,791.4000244140625,250,799.0,810.0,418,810.0,0,704.8,0,0,0,0.0
2024-08-28 15:15:00,790.75,793.9500122070312,787.0999755859375,791.25,791.25,802,799.0,810.0,419,810.0,0,836.2,0,0,0,0.0
2024-08-29 09:15:00,795.0,807.3499755859375,787.9500122070312,797.3499755859375,797.3499755859375,2064,799.0,810.0,420,810.0,0,858.8,1,1,0,0.0
2024-08-29 09:30:00,798.5499877929688,802.9500122070312,796.0,799.7999877929688,799.7999877929688,2694,799.7999877929688,810.0,421,810.0,0,1205.0,1,1,0,0.0
2024-08-29 09:45:00,800.25,801.9500122070312,794.0,794.0,794.0,410,799.7999877929688,810.0,422,810.0,0,1244.0,0,0,0,0.0
2024-08-29 10:00:00,794.0,795.9000244140625,792.7000122070312,792.7000122070312,792.7000122070312,596,799.7999877929688,810.0,423,810.0,0,1313.2,0,0,0,0.0
2024-08-29 10:15:00,793.0499877929688,793.6500244140625,792.25,793.6500244140625,793.6500244140625,341,799.7999877929688,810.0,424,810.0,0,1221.0,0,1,0,0.0
2024-08-29 10:30:00,791.7999877929688,792.2000122070312,790.2000122070312,792.0999755859375,792.0999755859375,185,799.7999877929688,810.0,425,810.0,0,845.2,0,0,0,0.0
2024-08-29 10:45:00,791.7000122070312,796.7000122070312,786.0,796.7000122070312,796.7000122070312,2281,796.7000122070312,810.0,426,810.0,0,762.6,1,1,0,0.0
2024-08-29 11:00:00,794.5999755859375,798.75,786.0,787.7000122070312,787.7000122070312,453,796.7000122070312,810.0,427,810.0,0,771.2,0,0,0,0.0
2024-08-29 11:15:00,788.4500122070312,788.4500122070312,780.0,782.4500122070312,782.4500122070312,112,796.7000122070312,810.0,428,810.0,0,674.4,0,0,0,0.0
2024-08-29 11:30:00,781.0499877929688,781.0499877929688,776.9000244140625,778.4500122070312,778.4500122070312,738,796.7000122070312,810.0,429,810.0,0,753.8,0,0,0,0.0
2024-08-29 11:45:00,777.2999877929688,778.0499877929688,773.4000244140625,778.0499877929688,778.0499877929688,1338,796.7000122070312,810.0,430,810.0,0,984.4,1,0,0,0.0
2024-08-29 12:00:00,779.7000122070312,779.9000244140625,779.7000122070312,779.9000244140625,779.9000244140625,11697,787.7000122070312,810.0,431,810.0,0,2867.6,1,1,0,0.0
2024-08-29 12:15:00,780.5499877929688,782.25,779.25,782.25,782.25,170,782.4500122070312,810.0,432,810.0,0,2811.0,0,1,0,0.0
2024-08-29 12:30:00,780.5,780.5,780.5,780.5,780.5,30,782.25,810.0,433,810.0,0,2794.6,0,0,0,0.0
2024-08-29 12:45:00,781.7999877929688,782.6500244140625,780.5,782.0,782.0,225,782.25,810.0,434,810.0,0,2692.0,0,1,0,0.0
2024-08-29 13:00:00,781.9000244140625,781.9000244140625,780.3499755859375,781.5499877929688,781.5499877929688,98,782.25,810.0,435,810.0,0,2444.0,0,0,0,0.0
2024-08-29 13:15:00,781.0,782.9000244140625,781.0,782.2000122070312,782.2000122070312,653,782.25,810.0,436,810.0,0,235.2,1,1,0,0.0
2024-08-29 13:30:00,784.4500122070312,784.4500122070312,784.0,784.0,784.0,119,784.0,810.0,437,810.0,0,225.0,0,1,0,0.0
2024-08-29 13:45:00,785.4000244140625,786.0,784.4500122070312,785.0,785.0,66,785.0,810.0,438,810.0,0,232.2,0,1,0,0.0
2024-08-29 14:00:00,785.25,787.9500122070312,781.5999755859375,787.0999755859375,787.0999755859375,787,787.0999755859375,810.0,439,810.0,0,344.6,1,1,0,0.0
2024-08-29 14:15:00,786.6500244140625,786.6500244140625,784.5499877929688,786.2999877929688,786.2999877929688,98,787.0999755859375,810.0,440,810.0,0,344.6,0,0,0,0.0
2024-08-29 14:30:00,785.0,786.3499755859375,783.5999755859375,783.5999755859375,783.5999755859375,718,787.0999755859375,810.0,441,810.0,0,357.6,1,0,0,0.0
2024-08-29 14:45:00,783.5,786.0,782.75,782.75,782.75,1017,787.0999755859375,810.0,442,810.0,0,537.2,1,0,0,0.0
2024-08-29 15:00:00,782.75,784.1500244140625,781.5999755859375,782.0,782.0,310,787.0999755859375,810.0,443,810.0,0,586.0,0,0,0,0.0
2024-08-29 15:15:00,782.0499877929688,784.0499877929688,781.9000244140625,782.8499755859375,782.8499755859375,416,786.2999877929688,810.0,444,810.0,0,511.8,0,1,0,0.0
2024-08-30 09:15:00,786.6500244140625,792.0499877929688,782.1500244140625,784.2999877929688,784.2999877929688,1597,784.2999877929688,810.0,445,810.0,0,811.6,1,1,0,0.0
2024-08-30 09:30:00,786.4500122070312,786.4500122070312,777.3499755859375,778.9000244140625,778.9000244140625,581,784.2999877929688,810.0,446,810.0,0,784.2,0,0,0,0.0
2024-08-30 09:45:00,780.3499755859375,782.3499755859375,778.75,782.3499755859375,782.3499755859375,357,784.2999877929688,810.0,447,810.0,0,652.2,0,1,0,0.0
2024-08-30 10:00:00,781.8499755859375,782.0,779.9500122070312,779.9500122070312,779.9500122070312,266,784.2999877929688,810.0,448,810.0,0,643.4,0,0,0,0.0
2024-08-30 10:15:00,780.8499755859375,781.4000244140625,780.1500244140625,781.0,781.0,209,784.2999877929688,810.0,449,810.0,0,602.0,0,1,0,0.0
2024-08-30 10:30:00,782.0,782.0,778.75,778.75,778.75,233,782.3499755859375,810.0,450,810.0,0,329.2,0,0,0,0.0
2024-08-30 10:45:00,779.25,780.9500122070312,777.1500244140625,780.9500122070312,780.9500122070312,137,782.3499755859375,810.0,451,810.0,0,240.4,0,1,0,0.0
2024-08-30 11:00:00,779.0,779.9500122070312,778.1500244140625,779.5,779.5,70,781.0,810.0,452,810.0,0,183.0,0,0,0,0.0
2024-08-30 11:15:00,779.4000244140625,779.4000244140625,778.0999755859375,778.0999755859375,778.0999755859375,83,781.0,810.0,453,810.0,0,146.4,0,0,0,0.0
2024-08-30 11:30:00,779.0999755859375,779.0999755859375,778.1500244140625,778.3499755859375,778.3499755859375,71,780.9500122070312,810.0,454,810.0,0,118.8,0,1,0,0.0
2024-08-30 11:45:00,777.0,777.0,777.0,777.0,777.0,86,780.9500122070312,810.0,455,810.0,0,89.4,0,0,0,0.0
2024-08-30 12:00:00,777.25,777.25,775.2999877929688,775.5,775.5,274,779.5,810.0,456,810.0,0,116.8,1,0,0,0.0
2024-08-30 12:15:00,776.2000122070312,777.0999755859375,774.5,777.0999755859375,777.0999755859375,4208,778.3499755859375,810.0,457,810.0,0,944.4,1,1,0,0.0
2024-08-30 12:30:00,778.2999877929688,786.0,778.2999877929688,782.4000244140625,782.4000244140625,1118,782.4000244140625,810.0,458,810.0,0,1151.4,0,1,0,0.0
2024-08-30 12:45:00,782.0999755859375,783.9500122070312,782.0999755859375,783.6500244140625,783.6500244140625,341,783.6500244140625,810.0,459,810.0,0,1205.4,0,1,0,0.0
2024-08-30 13:00:00,784.5499877929688,784.5499877929688,783.2999877929688,783.2999877929688,783.2999877929688,64,783.6500244140625,810.0,460,810.0,0,1201.0,0,0,0,0.0
2024-08-30 13:15:00,783.9500122070312,784.0,783.9500122070312,784.0,784.0,2,784.0,810.0,461,810.0,0,1146.6,0,1,0,0.0
2024-08-30 13:30:00,783.9500122070312,787.5,783.9500122070312,786.0499877929688,786.0499877929688,2101,786.0499877929688,810.0,462,810.0,0,725.2,1,1,0,0.0
2024-08-30 13:45:00,786.4500122070312,787.7999877929688,786.4500122070312,787.7999877929688,787.7999877929688,32,787.7999877929688,810.0,463,810.0,0,508.0,0,1,0,0.0
2024-08-30 14:00:00,787.1500244140625,787.9500122070312,785.9500122070312,787.9500122070312,787.9500122070312,81,787.9500122070312,810.0,464,810.0,0,456.0,0,1,0,0.0
2024-08-30 14:15:00,789.25,789.25,788.4500122070312,788.4500122070312,788.4500122070312,24,788.4500122070312,810.0,465,810.0,0,448.0,0,1,0,0.0
2024-08-30 14:30:00,789.7999877929688,791.7000122070312,780.4000244140625,780.4000244140625,780.4000244140625,613,788.4500122070312,810.0,466,810.0,0,570.2,1,0,0,0.0
2024-08-30 14:45:00,780.7000122070312,781.5,776.3499755859375,778.5,778.5,884,788.4500122070312,810.0,467,810.0,0,326.8,1,0,0,0.0
2024-08-30 15:00:00,779.5499877929688,784.4500122070312,778.9000244140625,784.4500122070312,784.4500122070312,1017,788.4500122070312,810.0,468,810.0,0,523.8,1,1,0,0.0
2024-08-30 15:15:00,784.1500244140625,786.5,781.1500244140625,781.25,781.25,534,788.4500122070312,810.0,469,810.0,0,614.4,0,0,0,0.0
2024-09-02 09:15:00,784.25,786.25,775.8499755859375,778.1500244140625,778.1500244140625,615,784.4500122070312,810.0,470,810.0,0,732.6,0,0,0,0.0
2024-09-02 09:30:00,777.2999877929688,779.75,773.3499755859375,773.3499755859375,773.3499755859375,776,784.4500122070312,810.0,471,810.0,0,765.2,1,0,0,0.0
2024-09-02 09:45:00,775.0999755859375,779.9500122070312,774.4500122070312,779.9500122070312,779.9500122070312,279,784.4500122070312,810.0,472,810.0,0,644.2,0,1,0,0.0
2024-09-02 10:00:00,779.0,779.0,775.0499877929688,776.3499755859375,776.3499755859375,167,781.25,810.0,473,810.0,0,474.2,0,0,0,0.0
2024-09-02 10:15:00,774.5499877929688,775.75,769.4500122070312,769.4500122070312,769.4500122070312,742,779.9500122070312,810.0,474,810.0,0,515.8,1,0,0,0.0
2024-09-02 10:30:00,771.0499877929688,773.0,771.0499877929688,773.0,773.0,2924,779.9500122070312,810.0,475,810.0,0,977.6,1,1,0,0.0
2024-09-02 10:45:00,770.9000244140625,774.4000244140625,770.9000244140625,771.9000244140625,771.9000244140625,537,779.9500122070312,810.0,476,810.0,0,929.8,0,0,0,0.0
2024-09-02 11:00:00,773.25,776.1500244140625,772.75,776.1500244140625,776.1500244140625,77,776.3499755859375,810.0,477,810.0,0,889.4,0,1,0,0.0
2024-09-02 11:15:00,775.25,777.7000122070312,775.25,777.1500244140625,777.1500244140625,268,777.1500244140625,810.0,478,810.0,0,909.6,0,1,0,0.0
2024-09-02 11:30:00,775.1500244140625,776.9000244140625,774.75,776.5,776.5,188,777.1500244140625,810.0,479,810.0,0,798.8,0,0,0,0.0
2024-09-02 11:45:00,777.7999877929688,778.7999877929688,777.7999877929688,778.7999877929688,778.7999877929688,37,778.7999877929688,810.0,480,810.0,0,221.4,0,1,0,0.0
2024-09-02 12:00:00,779.0,779.0,775.1500244140625,775.1500244140625,775.1500244140625,389,778.7999877929688,810.0,481,810.0,0,191.8,1,0,0,0.0
2024-09-02 12:15:00,774.7999877929688,779.9000244140625,774.7999877929688,778.6500244140625,778.6500244140625,715,778.7999877929688,810.0,482,810.0,0,319.4,1,1,0,0.0
2024-09-02 12:45:00,776.6500244140625,776.6500244140625,772.4000244140625,772.4000244140625,772.4000244140625,241,778.7999877929688,810.0,483,810.0,0,314.0,0,0,0,0.0
2024-09-02 13:00:00,772.0499877929688,774.3499755859375,772.0499877929688,773.9500122070312,773.9500122070312,257,778.7999877929688,810.0,484,810.0,0,327.8,0,1,0,0.0
2024-09-02 13:15:00,772.8499755859375,774.2000122070312,772.8499755859375,774.2000122070312,774.2000122070312,40,778.6500244140625,810.0,485,810.0,0,328.4,0,1,0,0.0
2024-09-02 13:30:00,775.0,775.0,773.0,773.0,773.0,61,778.6500244140625,810.0,486,810.0,0,262.8,0,0,0,0.0
2024-09-02 13:45:00,775.5999755859375,775.5999755859375,771.9500122070312,771.9500122070312,771.9500122070312,222,774.2000122070312,810.0,487,810.0,0,164.2,1,0,0,0.0
2024-09-02 14:00:00,771.9000244140625,773.0499877929688,771.25,771.25,771.25,154,774.2000122070312,810.0,488,810.0,0,146.8,1,0,0,0.0
2024-09-02 14:15:00,774.0499877929688,774.0499877929688,771.4500122070312,771.4500122070312,771.4500122070312,430,774.2000122070312,810.0,489,810.0,0,181.4,1,1,0,0.0
2024-09-02 14:30:00,773.0999755859375,773.0999755859375,771.5499877929688,771.5499877929688,771.5499877929688,68,773.0,810.0,490,810.0,0,187.0,0,1,0,0.0
2024-09-02 14:45:00,773.0499877929688,774.2999877929688,770.4000244140625,770.9500122070312,770.9500122070312,1278,771.9500122070312,810.0,491,810.0,0,430.4,1,0,0,0.0
2024-09-02 15:00:00,771.25,771.8499755859375,770.75,771.0,771.0,78,771.5499877929688,810.0,492,810.0,0,401.6,0,1,0,0.0
2024-09-02 15:15:00,771.3499755859375,777.4500122070312,770.2000122070312,771.4000244140625,771.4000244140625,440,771.5499877929688,810.0,493,810.0,0,458.8,0,1,0,0.0
2024-09-03 09:15:00,772.8499755859375,787.0,772.4000244140625,784.8499755859375,784.8499755859375,2012,784.8499755859375,810.0,494,810.0,0,775.2,1,1,0,0.0
2024-09-03 09:30:00,785.9000244140625,785.9000244140625,780.0999755859375,780.0999755859375,780.0999755859375,979,784.8499755859375,810.0,495,810.0,0,957.4,1,0,0,0.0
2024-09-03 09:45:00,780.5,782.4000244140625,780.0,780.0,780.0,709,784.8499755859375,810.0,496,810.0,0,843.6,0,0,0,0.0
2024-09-03 10:00:00,782.8499755859375,795.0,782.8499755859375,795.0,795.0,1444,795.0,810.0,497,810.0,0,1116.8,1,1,0,0.0
2024-09-03 10:15:00,792.8499755859375,818.75,792.3499755859375,818.5,818.5,5778,818.5,810.0,498,818.5,1,2184.4,1,1,1,818.5
2024-09-03 10:30:00,818.4500122070312,820.0,809.5999755859375,814.0999755859375,814.0999755859375,6015,818.5,810.0,499,818.5,1,2985.0,1,0,0,0.0
2024-09-03 10:45:00,817.5499877929688,819.2999877929688,811.4000244140625,818.3499755859375,818.3499755859375,2858,818.5,810.0,500,818.5,1,3360.8,0,1,0,0.0
2024-09-03 11:00:00,817.5,824.75,816.0,820.0999755859375,820.0999755859375,4726,820.0999755859375,810.0,501,820.0999755859375,1,4164.2,1,1,1,820.0999755859375
2024-09-03 11:15:00,819.6500244140625,819.9500122070312,816.0,816.0,816.0,3209,820.0999755859375,810.0,502,820.0999755859375,1,4517.2,0,0,0,0.0
2024-09-03 11:30:00,817.25,820.0,816.4000244140625,817.0,817.0,3604,820.0999755859375,810.0,503,820.0999755859375,1,4082.4,0,1,0,0.0
2024-09-03 11:45:00,817.0,821.5499877929688,815.4000244140625,819.8499755859375,819.8499755859375,3802,820.0999755859375,818.5,504,820.0999755859375,1,3639.8,1,1,1,819.8499755859375
2024-09-03 12:00:00,819.0,820.75,818.5999755859375,818.7999877929688,818.7999877929688,785,820.0999755859375,818.5,505,820.0999755859375,1,3225.2,0,0,0,0.0
2024-09-03 12:15:00,820.75,820.75,818.0499877929688,818.1500244140625,818.1500244140625,36769,819.8499755859375,818.5,506,820.0999755859375,1,9633.8,1,0,0,0.0
2024-09-03 12:30:00,819.75,819.75,817.2999877929688,819.75,819.75,580,819.8499755859375,820.0999755859375,507,820.0999755859375,0,9108.0,0,1,0,0.0
2024-09-03 12:45:00,818.75,820.0,817.0999755859375,817.8499755859375,817.8499755859375,557,819.8499755859375,820.0999755859375,508,820.0999755859375,0,8498.6,0,0,0,0.0
2024-09-03 13:00:00,817.5499877929688,820.8499755859375,817.5499877929688,819.1500244140625,819.1500244140625,2451,819.75,820.0999755859375,509,820.0999755859375,0,8228.4,0,1,0,0.0
2024-09-03 13:15:00,818.0499877929688,820.0999755859375,818.0499877929688,820.0999755859375,820.0999755859375,1017,820.0999755859375,820.0999755859375,510,820.0999755859375,0,8274.8,0,1,0,0.0
2024-09-03 13:30:00,820.0999755859375,820.9000244140625,818.75,819.2999877929688,819.2999877929688,428,820.0999755859375,820.0999755859375,511,820.0999755859375,0,1006.6,0,0,0,0.0
2024-09-03 13:45:00,819.2999877929688,830.0499877929688,819.2999877929688,826.9000244140625,826.9000244140625,7424,826.9000244140625,820.0999755859375,512,826.9000244140625,1,2375.4,1,1,1,826.9000244140625
2024-09-03 14:00:00,824.6500244140625,832.0,821.0999755859375,821.0999755859375,821.0999755859375,9727,826.9000244140625,820.0999755859375,513,826.9000244140625,1,4209.4,1,0,0,0.0
2024-09-03 14:15:00,822.8499755859375,824.9500122070312,818.9000244140625,823.5999755859375,823.5999755859375,1933,826.9000244140625,820.0999755859375,514,826.9000244140625,1,4105.8,0,1,0,0.0
2024-09-03 14:30:00,822.0999755859375,829.9000244140625,821.0499877929688,829.9000244140625,829.9000244140625,3414,829.9000244140625,820.0999755859375,515,829.9000244140625,1,4585.2,0,1,0,0.0
2024-09-03 14:45:00,830.0,830.0,823.6500244140625,825.5499877929688,825.5499877929688,1538,829.9000244140625,820.0999755859375,516,829.9000244140625,1,4807.2,0,0,0,0.0
2024-09-03 15:00:00,825.0999755859375,833.0,823.9000244140625,831.6500244140625,831.6500244140625,4446,831.6500244140625,820.0999755859375,517,831.6500244140625,1,4211.6,1,1,1,831.6500244140625
2024-09-03 15:15:00,832.7000122070312,840.5499877929688,828.25,833.5,833.5,12501,833.5,826.9000244140625,518,833.5,1,4766.4,1,1,1,833.5
